NAME : null
NBR_NODES: 70
NBR_EDGES: 741
T: 130.45320359113828
# NODE: i x_i y_i b_i g_i s_i
# x_i, y_i : x, y of node i
# b_i : demand of node_i, <0 for depot, >0 for client, =0 for platforms
# g_i : cost for using node i, >0 only for platforms
# s_i : time for crossing node _i, >0 only for platforms
NODE: 1 10 10 -8 0.0 0.0
NODE: 2 10 20 -18 0.0 0.0
NODE: 3 10 30 -11 0.0 0.0
NODE: 4 10 40 -12 0.0 0.0
NODE: 5 10 50 -10 0.0 0.0
NODE: 6 10 60 -18 0.0 0.0
NODE: 7 10 70 -16 0.0 0.0
NODE: 8 10 80 -16 0.0 0.0
NODE: 9 10 90 -12 0.0 0.0
NODE: 10 10 100 -9 0.0 0.0
NODE: 11 10 110 -13 0.0 0.0
NODE: 12 10 120 -13 0.0 0.0
NODE: 13 10 130 -19 0.0 0.0
NODE: 14 10 140 -10 0.0 0.0
NODE: 15 10 150 -20 0.0 0.0
NODE: 16 10 160 -9 0.0 0.0
NODE: 17 10 170 -12 0.0 0.0
NODE: 18 10 180 -15 0.0 0.0
NODE: 19 10 190 -10 0.0 0.0
NODE: 20 10 200 -8 0.0 0.0
NODE: 21 10 210 -17 0.0 0.0
NODE: 22 10 220 -14 0.0 0.0
NODE: 23 10 230 -11 0.0 0.0
NODE: 24 10 240 -15 0.0 0.0
NODE: 25 10 250 -11 0.0 0.0
NODE: 26 50 10 0 32.83710146144584 1.0
NODE: 27 50 20 0 74.50439896724879 1.0
NODE: 28 50 30 0 16.627638852065687 1.0
NODE: 29 50 40 0 89.30339360687155 1.0
NODE: 30 50 50 0 67.87429177976611 1.0
NODE: 31 50 60 0 23.845494293004172 1.0
NODE: 32 50 70 0 88.5874533751181 1.0
NODE: 33 50 80 0 31.25451523530795 1.0
NODE: 34 50 90 0 36.73266940601273 1.0
NODE: 35 50 100 0 96.40442272820891 1.0
NODE: 36 50 110 0 87.25825918127067 1.0
NODE: 37 50 120 0 54.82937418678857 1.0
NODE: 38 50 130 0 84.87391776827073 1.0
NODE: 39 100 10 14 0.0 0.0
NODE: 40 100 20 10 0.0 0.0
NODE: 41 100 30 11 0.0 0.0
NODE: 42 100 40 12 0.0 0.0
NODE: 43 100 50 5 0.0 0.0
NODE: 44 100 60 14 0.0 0.0
NODE: 45 100 70 10 0.0 0.0
NODE: 46 100 80 6 0.0 0.0
NODE: 47 100 90 7 0.0 0.0
NODE: 48 100 100 8 0.0 0.0
NODE: 49 100 110 9 0.0 0.0
NODE: 50 100 120 7 0.0 0.0
NODE: 51 100 130 10 0.0 0.0
NODE: 52 100 140 10 0.0 0.0
NODE: 53 100 150 6 0.0 0.0
NODE: 54 100 160 7 0.0 0.0
NODE: 55 100 170 12 0.0 0.0
NODE: 56 100 180 11 0.0 0.0
NODE: 57 100 190 8 0.0 0.0
NODE: 58 100 200 12 0.0 0.0
NODE: 59 100 210 7 0.0 0.0
NODE: 60 100 220 7 0.0 0.0
NODE: 61 100 230 12 0.0 0.0
NODE: 62 100 240 9 0.0 0.0
NODE: 63 100 250 8 0.0 0.0
NODE: 64 100 260 11 0.0 0.0
NODE: 65 100 270 8 0.0 0.0
NODE: 66 100 280 9 0.0 0.0
NODE: 67 100 290 11 0.0 0.0
NODE: 68 100 300 11 0.0 0.0
NODE: 69 100 310 13 0.0 0.0
NODE: 70 100 320 32 0.0 0.0
# EDGE: k i j u_ij c_ij h_ij t_ij
# i : starting node of edge k
# j : ending node of edge k
# u_ij : capacity of edge (i,j)
# c_ij : fixed cost for the use of (i,j)
# h_ij : unit cost for (i,j)
# t_ij : delivery time for (i,j)
EDGE: 1 1 26 0 75.86054959329381 12.672460374756438 1.0
EDGE: 2 1 27 0 85.69466833146721 5.3373959650119085 1.0
EDGE: 3 1 28 0 81.82897169583785 8.054190607365456 1.0
EDGE: 4 1 29 0 10.76734200244811 4.011678924977171 1.0
EDGE: 5 1 30 0 85.6271890438182 6.722718550132754 1.0
EDGE: 6 1 31 0 42.361305068754604 9.482070980338989 1.0
EDGE: 7 1 32 0 31.078093897382686 12.346575125753242 1.0
EDGE: 8 1 33 0 31.123826102391327 10.228414147689126 1.0
EDGE: 9 1 34 0 80.43628032197384 9.105346755285511 1.0
EDGE: 10 1 35 0 48.08725747425757 10.233615229968475 1.0
EDGE: 11 1 36 0 93.90226679692911 15.599828604089295 1.0
EDGE: 12 1 37 0 10.578807412232262 5.66745346230757 1.0
EDGE: 13 1 38 1600 21.82039753621835 16.761631858103435 1.0
EDGE: 14 2 26 200 34.66169871940349 7.192883861392736 1.0
EDGE: 15 2 27 500 55.3808130201665 10.445833066043733 1.0
EDGE: 16 2 28 400 56.17799350725429 14.45343340923338 1.0
EDGE: 17 2 29 100 34.14573439189387 11.140262996908442 1.0
EDGE: 18 2 30 300 74.96342666580425 6.050279911812922 1.0
EDGE: 19 2 31 700 61.22041131363422 9.97502800300698 1.0
EDGE: 20 2 32 900 59.30454687153396 13.067613070036447 1.0
EDGE: 21 2 33 600 69.38903225139583 8.965855817019362 1.0
EDGE: 22 2 34 300 10.208479021344925 6.954864913797948 1.0
EDGE: 23 2 35 900 64.03591929048329 5.1748597642290886 1.0
EDGE: 24 2 36 700 77.55561695166601 2.3244070131647745 1.0
EDGE: 25 2 37 800 91.17230041537474 14.222319971805582 1.0
EDGE: 26 2 38 600 12.70557173034707 19.97331110209127 1.0
EDGE: 27 3 26 0 81.38900884911493 18.333067487299996 1.0
EDGE: 28 3 27 0 54.62667029885361 16.18775877909361 1.0
EDGE: 29 3 28 0 13.055368187553855 13.85107144540193 1.0
EDGE: 30 3 29 0 59.11933712847802 3.1387013086897784 1.0
EDGE: 31 3 30 0 50.58462298187499 14.90581930039073 1.0
EDGE: 32 3 31 0 93.20364763311073 19.927361841405183 1.0
EDGE: 33 3 32 0 66.086221113953 7.664087007425202 1.0
EDGE: 34 3 33 0 69.24138801394386 17.589168760338115 1.0
EDGE: 35 3 34 0 45.225222457848744 6.350689028544394 1.0
EDGE: 36 3 35 0 65.86292033693424 11.114723089162911 1.0
EDGE: 37 3 36 0 20.6091904634004 5.97180462184018 1.0
EDGE: 38 3 37 0 35.269176119010254 1.2963828655627287 1.0
EDGE: 39 3 38 2200 88.52286328344302 11.424476093676553 1.0
EDGE: 40 4 26 0 48.97907252998358 9.959068405897003 1.0
EDGE: 41 4 27 0 97.33091078919625 4.425865421583193 1.0
EDGE: 42 4 28 0 96.59268856774757 6.883876602853708 1.0
EDGE: 43 4 29 0 58.36908951805429 18.445872430432836 1.0
EDGE: 44 4 30 0 94.64048927875294 5.483095582959614 1.0
EDGE: 45 4 31 0 12.644126708751216 2.5767005048469085 1.0
EDGE: 46 4 32 0 65.08893336968598 1.035221880240833 1.0
EDGE: 47 4 33 0 89.16262065770259 15.022968915169109 1.0
EDGE: 48 4 34 0 15.57275295289216 19.038565932026632 1.0
EDGE: 49 4 35 0 73.20928788094402 18.645961278977087 1.0
EDGE: 50 4 36 0 65.92424546533599 13.992043381674694 1.0
EDGE: 51 4 37 0 75.39486778479632 18.745608527666832 1.0
EDGE: 52 4 38 2400 38.06986046866976 9.661745496945542 1.0
EDGE: 53 5 26 0 44.79397308488632 15.013794909152656 1.0
EDGE: 54 5 27 0 88.8644126530228 2.641880384802005 1.0
EDGE: 55 5 28 0 31.99325233248986 4.342583839046038 1.0
EDGE: 56 5 29 0 27.93324465577135 10.768684398485764 1.0
EDGE: 57 5 30 0 70.37010920192942 9.920959634090913 1.0
EDGE: 58 5 31 0 25.092605974332024 6.695888764278402 1.0
EDGE: 59 5 32 0 96.42234825075425 2.8036735881177752 1.0
EDGE: 60 5 33 0 34.418620534553455 13.690344645946839 1.0
EDGE: 61 5 34 0 82.46902332239158 4.885789999611118 1.0
EDGE: 62 5 35 0 54.535116569823984 18.45639096647542 1.0
EDGE: 63 5 36 0 37.542821422622524 1.9665292463754738 1.0
EDGE: 64 5 37 0 37.19063035221484 6.547568629767651 1.0
EDGE: 65 5 38 2000 94.7942884144228 3.3359979955143606 1.0
EDGE: 66 6 26 700 78.69492515655423 12.674265320358757 1.0
EDGE: 67 6 27 200 26.22819650546153 19.068400671425753 1.0
EDGE: 68 6 28 300 21.28530548279612 6.965891834162543 1.0
EDGE: 69 6 29 800 68.09239541206753 15.955326658420338 1.0
EDGE: 70 6 30 300 43.99306322371293 12.996181621028343 1.0
EDGE: 71 6 31 500 12.73942370462765 12.762707785349264 1.0
EDGE: 72 6 32 300 65.08034854376908 3.1302018931997457 1.0
EDGE: 73 6 33 100 25.28122825319658 5.24503901167631 1.0
EDGE: 74 6 34 600 30.61779746233891 14.501680862504772 1.0
EDGE: 75 6 35 500 95.85727028993983 5.100454738965737 1.0
EDGE: 76 6 36 800 36.27321628320018 2.679235921343363 1.0
EDGE: 77 6 37 800 10.836358631114248 6.800257489368532 1.0
EDGE: 78 6 38 900 61.88162602972033 18.830097562590726 1.0
EDGE: 79 7 26 800 38.77251204453656 4.97648953478495 1.0
EDGE: 80 7 27 800 20.86701866019007 8.939928717390682 1.0
EDGE: 81 7 28 400 29.435149060452726 18.801143510480905 1.0
EDGE: 82 7 29 900 39.086081954615764 1.3973253876125586 1.0
EDGE: 83 7 30 600 46.73394945655013 8.540605286495692 1.0
EDGE: 84 7 31 200 90.16424551797768 10.001598676628912 1.0
EDGE: 85 7 32 300 98.85866761011482 11.218921308470746 1.0
EDGE: 86 7 33 300 26.89435508268449 10.202427351091314 1.0
EDGE: 87 7 34 400 61.454226525373905 10.073486937140656 1.0
EDGE: 88 7 35 500 80.76827324049856 9.129979480190132 1.0
EDGE: 89 7 36 200 12.151416314921768 7.236746157822716 1.0
EDGE: 90 7 37 600 34.21172652715528 6.72409072790423 1.0
EDGE: 91 7 38 200 47.27347162853781 13.827500746317591 1.0
EDGE: 92 8 26 100 62.59271911817523 11.021098552531647 1.0
EDGE: 93 8 27 800 24.03888064204104 18.38541628977572 1.0
EDGE: 94 8 28 100 55.5738082486592 9.406923428032975 1.0
EDGE: 95 8 29 900 54.080731615445345 18.332326971089856 1.0
EDGE: 96 8 30 800 99.87857972047554 11.39499251933063 1.0
EDGE: 97 8 31 700 76.60287117844709 13.893926656929427 1.0
EDGE: 98 8 32 500 58.04260318692816 17.237596218290623 1.0
EDGE: 99 8 33 500 11.993249419390848 1.665440128998323 1.0
EDGE: 100 8 34 600 70.21920758997138 18.429274529701313 1.0
EDGE: 101 8 35 900 39.21469978420716 9.754871766342943 1.0
EDGE: 102 8 36 200 48.61037588607527 7.910827253001565 1.0
EDGE: 103 8 37 500 22.79352550870678 12.187425659853158 1.0
EDGE: 104 8 38 600 36.59307462537434 1.53253829570435 1.0
EDGE: 105 9 26 0 17.726154672322643 2.004684415949779 1.0
EDGE: 106 9 27 0 87.11133160180049 1.085211603293931 1.0
EDGE: 107 9 28 0 23.124209445146214 13.242148699579975 1.0
EDGE: 108 9 29 0 47.40436842165384 4.957610032469914 1.0
EDGE: 109 9 30 0 57.918291178932265 19.7187249150753 1.0
EDGE: 110 9 31 0 19.64111394880517 6.228892812222933 1.0
EDGE: 111 9 32 0 34.44079003354486 4.321760102212039 1.0
EDGE: 112 9 33 0 39.53139005128172 17.754642778054187 1.0
EDGE: 113 9 34 0 98.20803755332498 3.221210738223459 1.0
EDGE: 114 9 35 0 57.48410834792284 16.555080297872884 1.0
EDGE: 115 9 36 0 54.722110214300315 10.196549760861778 1.0
EDGE: 116 9 37 0 69.38276602709617 8.5640546502007 1.0
EDGE: 117 9 38 2400 36.61260839168773 11.009991283646846 1.0
EDGE: 118 10 26 0 86.54856669566783 1.5474087822901241 1.0
EDGE: 119 10 27 0 86.9386966403849 4.509642556157545 1.0
EDGE: 120 10 28 0 16.96147779954625 1.7493103322012673 1.0
EDGE: 121 10 29 0 46.9717451606033 4.896164197674222 1.0
EDGE: 122 10 30 0 92.30953649239571 2.5751427190284715 1.0
EDGE: 123 10 31 0 79.27887912845864 5.336538489316984 1.0
EDGE: 124 10 32 0 67.93670141224217 14.36954819439415 1.0
EDGE: 125 10 33 0 19.427737542193007 1.8585393519199842 1.0
EDGE: 126 10 34 0 35.25960046404553 18.098223029647603 1.0
EDGE: 127 10 35 0 92.13275429881475 10.209495442685675 1.0
EDGE: 128 10 36 0 38.723447257527724 15.492048379785315 1.0
EDGE: 129 10 37 0 60.16329466778614 13.112942121274607 1.0
EDGE: 130 10 38 1800 31.867447464583925 10.962159971312232 1.0
EDGE: 131 11 26 200 16.833933725007455 8.106756408034402 1.0
EDGE: 132 11 27 800 19.570038153552883 12.344545959062762 1.0
EDGE: 133 11 28 700 25.397205219861206 7.896364031654908 1.0
EDGE: 134 11 29 200 76.04422704994096 9.282766331489793 1.0
EDGE: 135 11 30 500 61.15912688458082 1.9066216072982354 1.0
EDGE: 136 11 31 300 40.6533781336372 6.807389296564932 1.0
EDGE: 137 11 32 400 24.63781523600574 6.465955256633906 1.0
EDGE: 138 11 33 400 66.11774069706578 6.420737886237129 1.0
EDGE: 139 11 34 100 66.58551398389767 12.806362532975676 1.0
EDGE: 140 11 35 100 66.18204078167022 2.7455395219332983 1.0
EDGE: 141 11 36 600 48.19432160323811 7.812860520121605 1.0
EDGE: 142 11 37 900 92.31443412883276 11.546074751829844 1.0
EDGE: 143 11 38 300 42.30596028959225 19.205980597847514 1.0
EDGE: 144 12 26 500 91.50716705526573 16.68041521271901 1.0
EDGE: 145 12 27 500 23.945876548825414 8.590900811634237 1.0
EDGE: 146 12 28 100 39.74920214418618 13.292348584370352 1.0
EDGE: 147 12 29 900 71.00200826418236 10.556809403088177 1.0
EDGE: 148 12 30 300 28.241185337162154 6.301581297016424 1.0
EDGE: 149 12 31 600 78.36850111594065 8.760096242637953 1.0
EDGE: 150 12 32 200 81.92301198849397 18.000813220837134 1.0
EDGE: 151 12 33 200 81.3747152316188 13.674960766330544 1.0
EDGE: 152 12 34 600 52.38433695106311 11.31828061895215 1.0
EDGE: 153 12 35 800 56.8198190235477 13.445035281725087 1.0
EDGE: 154 12 36 800 39.72833386472207 1.054356638159684 1.0
EDGE: 155 12 37 700 72.4332822580393 6.0196143681233085 1.0
EDGE: 156 12 38 500 20.459007812470183 3.1508088748347487 1.0
EDGE: 157 13 26 400 58.08159414670752 2.5080854139869055 1.0
EDGE: 158 13 27 200 80.9623832792953 8.801300600565625 1.0
EDGE: 159 13 28 600 24.541499058160575 10.4361525739521 1.0
EDGE: 160 13 29 700 68.65188431941888 3.9617358927468 1.0
EDGE: 161 13 30 700 48.16008435779855 10.337449612974861 1.0
EDGE: 162 13 31 100 15.34818662203283 2.569039926221142 1.0
EDGE: 163 13 32 700 82.22200962117422 19.8641351940663 1.0
EDGE: 164 13 33 100 99.96391403710227 9.52696688533285 1.0
EDGE: 165 13 34 800 38.34421105809898 2.3500633874920966 1.0
EDGE: 166 13 35 600 20.063433099784692 5.267530291509726 1.0
EDGE: 167 13 36 800 63.718381792339834 8.510122816334441 1.0
EDGE: 168 13 37 800 94.36808794018881 10.446651178517968 1.0
EDGE: 169 13 38 800 62.521537023656116 13.70934047219409 1.0
EDGE: 170 14 26 0 50.7771807495464 9.082614522116048 1.0
EDGE: 171 14 27 0 52.3149922096642 19.985340926271427 1.0
EDGE: 172 14 28 0 26.97501940240093 7.1959314796663545 1.0
EDGE: 173 14 29 0 88.75205457709967 8.757757960531311 1.0
EDGE: 174 14 30 0 53.19433002981153 14.759196855503973 1.0
EDGE: 175 14 31 0 44.414731289531815 18.908188070141357 1.0
EDGE: 176 14 32 0 69.20635279041466 9.51553920606019 1.0
EDGE: 177 14 33 0 90.0997968258917 2.664285834670065 1.0
EDGE: 178 14 34 0 30.107942103670997 2.974257672054159 1.0
EDGE: 179 14 35 0 49.37450210974913 9.471587919574876 1.0
EDGE: 180 14 36 0 37.975971487229074 10.642232900917124 1.0
EDGE: 181 14 37 0 49.722247156579755 17.786663582051066 1.0
EDGE: 182 14 38 2000 98.9593582277628 18.29971591447374 1.0
EDGE: 183 15 26 400 56.09854604706292 12.475186511750353 1.0
EDGE: 184 15 27 100 27.8790288143344 2.8790795953853294 1.0
EDGE: 185 15 28 100 35.2175691132779 17.24851639585108 1.0
EDGE: 186 15 29 800 44.906127623146936 14.255131409621447 1.0
EDGE: 187 15 30 800 91.3895904752868 5.322390559868966 1.0
EDGE: 188 15 31 700 21.3887837477678 6.005580673687488 1.0
EDGE: 189 15 32 300 27.229654648718416 15.231316480227916 1.0
EDGE: 190 15 33 800 34.39775254528466 19.95025204738421 1.0
EDGE: 191 15 34 900 55.05777627924427 5.482253204170121 1.0
EDGE: 192 15 35 300 52.061246121922764 4.02764125048647 1.0
EDGE: 193 15 36 100 87.31096861965023 12.481189885031776 1.0
EDGE: 194 15 37 300 14.25924988257011 10.817405958166319 1.0
EDGE: 195 15 38 400 96.7874355925146 2.916198285142217 1.0
EDGE: 196 16 26 0 65.7476521082319 8.767384334522017 1.0
EDGE: 197 16 27 0 10.0432237247487 13.5305650478352 1.0
EDGE: 198 16 28 0 91.28251251960775 5.933737131819738 1.0
EDGE: 199 16 29 0 49.76165337430856 16.969593472884057 1.0
EDGE: 200 16 30 0 64.81473308834919 12.792806522614674 1.0
EDGE: 201 16 31 0 34.415849004662974 2.1346657329411154 1.0
EDGE: 202 16 32 0 47.32550600450506 2.4332829208443045 1.0
EDGE: 203 16 33 0 36.04465775247499 2.2281647498822132 1.0
EDGE: 204 16 34 0 40.37280139116052 12.187279329306918 1.0
EDGE: 205 16 35 0 49.46229549009736 17.42284652707568 1.0
EDGE: 206 16 36 0 14.919244864343572 3.5088978162497173 1.0
EDGE: 207 16 37 0 38.72201700441393 11.839254653741945 1.0
EDGE: 208 16 38 1800 97.51165624638404 13.65889402872597 1.0
EDGE: 209 17 26 0 39.15413004761214 17.26477584640194 1.0
EDGE: 210 17 27 0 18.382612271292224 16.50401939080944 1.0
EDGE: 211 17 28 0 15.798651893075355 19.797924704554667 1.0
EDGE: 212 17 29 0 98.54429453205789 16.489649300863157 1.0
EDGE: 213 17 30 0 11.552951621308928 13.351457536509335 1.0
EDGE: 214 17 31 0 45.44497679125759 11.594277683755802 1.0
EDGE: 215 17 32 0 60.854651958655566 19.697901309096906 1.0
EDGE: 216 17 33 0 39.258439056408974 16.8244832394412 1.0
EDGE: 217 17 34 0 87.22012785874354 12.491100266846152 1.0
EDGE: 218 17 35 0 64.37662566108627 2.5589504334538007 1.0
EDGE: 219 17 36 0 25.45891521200617 10.447365849665857 1.0
EDGE: 220 17 37 0 33.175871633609155 5.800149579808317 1.0
EDGE: 221 17 38 2400 71.8843286517378 1.6198291987146274 1.0
EDGE: 222 18 26 800 31.62700051272224 12.142259486539615 1.0
EDGE: 223 18 27 300 88.3405998303678 11.449587966624287 1.0
EDGE: 224 18 28 600 38.8195930816438 9.013936589687868 1.0
EDGE: 225 18 29 700 88.36688140252343 5.02724035151183 1.0
EDGE: 226 18 30 300 24.970771083588488 7.504513338159897 1.0
EDGE: 227 18 31 400 66.31837645603974 2.74840274246004 1.0
EDGE: 228 18 32 800 94.98877862633644 5.832230746198992 1.0
EDGE: 229 18 33 200 62.76494734466598 14.296800639997981 1.0
EDGE: 230 18 34 400 97.16168857514691 5.263090565553676 1.0
EDGE: 231 18 35 800 31.987505908419454 8.638531928921061 1.0
EDGE: 232 18 36 100 29.0415521808586 4.038923641976875 1.0
EDGE: 233 18 37 300 89.8924847206035 9.461091176054671 1.0
EDGE: 234 18 38 100 75.09427833878705 13.623270242101253 1.0
EDGE: 235 19 26 0 33.164721522291515 11.240749641909117 1.0
EDGE: 236 19 27 0 33.18558553569491 13.323662261953693 1.0
EDGE: 237 19 28 0 12.979051789428567 4.871891994639576 1.0
EDGE: 238 19 29 0 69.47332696204263 11.098904094081902 1.0
EDGE: 239 19 30 0 39.090932876172786 7.5418887019843295 1.0
EDGE: 240 19 31 0 83.77648960200334 3.1099444710936455 1.0
EDGE: 241 19 32 0 62.62640742012109 15.285114857306134 1.0
EDGE: 242 19 33 0 29.991196612196504 9.322932523555846 1.0
EDGE: 243 19 34 0 68.39172610028014 10.399695123215187 1.0
EDGE: 244 19 35 0 48.624027883221565 6.223055607812146 1.0
EDGE: 245 19 36 0 80.02292469293415 8.660576630553525 1.0
EDGE: 246 19 37 0 11.012941826840283 19.44774520517569 1.0
EDGE: 247 19 38 2000 93.79569496228592 3.0125226813952555 1.0
EDGE: 248 20 26 0 77.3061501632632 16.897852553325606 1.0
EDGE: 249 20 27 0 69.41582622611193 7.176616494910677 1.0
EDGE: 250 20 28 0 22.76923746856832 7.635383850389745 1.0
EDGE: 251 20 29 0 38.610573897113966 8.353873931872998 1.0
EDGE: 252 20 30 0 59.49082562418358 15.626387774197152 1.0
EDGE: 253 20 31 0 54.84122178192451 3.9595576925594687 1.0
EDGE: 254 20 32 0 53.05713058429858 1.1375918105513176 1.0
EDGE: 255 20 33 0 89.95718706237365 17.07178272235859 1.0
EDGE: 256 20 34 0 86.26568947491263 16.345379708324636 1.0
EDGE: 257 20 35 0 96.11195955140781 9.02801395505812 1.0
EDGE: 258 20 36 0 34.44859001768269 12.465703299321302 1.0
EDGE: 259 20 37 0 23.76120067893935 11.353042022855611 1.0
EDGE: 260 20 38 1600 69.47551449044329 12.463525105979055 1.0
EDGE: 261 21 26 500 59.063298493883366 5.952037638383155 1.0
EDGE: 262 21 27 500 72.00688663166554 19.150380020220883 1.0
EDGE: 263 21 28 800 16.50270749042164 18.25227466618002 1.0
EDGE: 264 21 29 400 94.06748130993721 2.228657148041139 1.0
EDGE: 265 21 30 200 85.05638228524283 18.727113953681897 1.0
EDGE: 266 21 31 900 76.51075921419327 8.59118882908787 1.0
EDGE: 267 21 32 500 18.723606461157004 11.985848556237858 1.0
EDGE: 268 21 33 400 18.44427096307689 7.934745519288321 1.0
EDGE: 269 21 34 100 94.73953834432577 13.362995489733189 1.0
EDGE: 270 21 35 800 18.186428428429654 2.4960259523169173 1.0
EDGE: 271 21 36 500 75.29279581762636 16.69063507001227 1.0
EDGE: 272 21 37 200 77.82496420196244 3.468741409513718 1.0
EDGE: 273 21 38 900 81.067367739226 4.687385096095152 1.0
EDGE: 274 22 26 500 35.947385717284746 13.410381390637207 1.0
EDGE: 275 22 27 100 17.429192173795457 1.1476105116989244 1.0
EDGE: 276 22 28 200 15.613748309105063 6.697263903451344 1.0
EDGE: 277 22 29 700 66.57768028825909 16.864457359228822 1.0
EDGE: 278 22 30 300 87.1420289113472 18.836450728040216 1.0
EDGE: 279 22 31 700 11.48254690663016 11.970304158015553 1.0
EDGE: 280 22 32 800 27.776456191950594 4.193135545364286 1.0
EDGE: 281 22 33 400 39.92620712981315 2.1282295717970228 1.0
EDGE: 282 22 34 300 82.80908083775627 19.442087692489057 1.0
EDGE: 283 22 35 500 29.47208727442916 3.7580853919509662 1.0
EDGE: 284 22 36 100 55.224894178036955 2.801753913119931 1.0
EDGE: 285 22 37 800 96.67915178133822 12.230771294939178 1.0
EDGE: 286 22 38 900 13.440842562536606 19.85960270616757 1.0
EDGE: 287 23 26 0 86.38295612643594 2.714300258908838 1.0
EDGE: 288 23 27 0 79.20899673226356 8.547314348782573 1.0
EDGE: 289 23 28 0 19.363540124891223 5.105259450012442 1.0
EDGE: 290 23 29 0 20.254248409335922 17.574403603121368 1.0
EDGE: 291 23 30 0 29.220477696372754 5.229245412558586 1.0
EDGE: 292 23 31 0 24.71678999136212 18.37887181303577 1.0
EDGE: 293 23 32 0 51.775388765251755 18.243879647604455 1.0
EDGE: 294 23 33 0 96.96973281284896 9.403481487072366 1.0
EDGE: 295 23 34 0 92.82223003388089 19.927992332447204 1.0
EDGE: 296 23 35 0 36.882162103911945 15.25624738431464 1.0
EDGE: 297 23 36 0 32.54568170232507 15.290567666693276 1.0
EDGE: 298 23 37 0 97.09791772410725 6.06373819038118 1.0
EDGE: 299 23 38 2200 17.427928767733356 15.683049497562317 1.0
EDGE: 300 24 26 900 95.40046250412412 14.075780393575371 1.0
EDGE: 301 24 27 200 82.96416671722041 4.348595189224438 1.0
EDGE: 302 24 28 200 91.73410246272371 7.330161138159529 1.0
EDGE: 303 24 29 900 13.007126894685445 13.091873416045878 1.0
EDGE: 304 24 30 800 91.95189726233424 15.935921240065744 1.0
EDGE: 305 24 31 100 14.06095336709393 19.50300219664266 1.0
EDGE: 306 24 32 100 42.86057277989853 4.283836699187754 1.0
EDGE: 307 24 33 400 15.344723217888625 5.91921846022529 1.0
EDGE: 308 24 34 700 55.632734593800855 13.242671824587333 1.0
EDGE: 309 24 35 500 17.945934716980567 13.057870790620075 1.0
EDGE: 310 24 36 800 97.15671773279792 18.149813206958918 1.0
EDGE: 311 24 37 200 68.88428278762886 7.00433470842894 1.0
EDGE: 312 24 38 500 31.394348018452174 17.154864965026373 1.0
EDGE: 313 25 26 0 78.40601068039047 9.988440862663982 1.0
EDGE: 314 25 27 0 15.316971134112102 14.224803883138275 1.0
EDGE: 315 25 28 0 81.32917672046428 19.133007140217764 1.0
EDGE: 316 25 29 0 16.490036151325864 2.8692917124983137 1.0
EDGE: 317 25 30 0 35.760135096894366 2.1080751153389192 1.0
EDGE: 318 25 31 0 31.87654337862768 4.3947320699757295 1.0
EDGE: 319 25 32 0 75.00153133847829 16.374438591570268 1.0
EDGE: 320 25 33 0 89.92968684947961 10.245670764103764 1.0
EDGE: 321 25 34 0 80.97216575957799 9.450061685537344 1.0
EDGE: 322 25 35 0 40.544985891606295 5.742127690016153 1.0
EDGE: 323 25 36 0 79.95898059367791 2.382978310314515 1.0
EDGE: 324 25 37 0 59.94223408284881 10.271461812589243 1.0
EDGE: 325 25 38 2200 14.021534156171967 14.364266119364562 1.0
EDGE: 326 26 39 0 30.047562047431622 16.743356388612554 1.0
EDGE: 327 26 40 100 73.86924524686619 3.164692006537081 1.0
EDGE: 328 26 41 200 24.445937703903073 2.866520709497237 1.0
EDGE: 329 26 42 400 11.531724865573272 5.828620382828181 1.0
EDGE: 330 26 43 400 15.474421205763567 1.555702734957765 1.0
EDGE: 331 26 44 500 13.642516672764291 3.8087769369948274 1.0
EDGE: 332 26 45 600 89.52646801119018 13.527603661418222 1.0
EDGE: 333 26 46 500 68.65655723368351 10.475463772240388 1.0
EDGE: 334 26 47 100 50.137607381155554 5.894291768360187 1.0
EDGE: 335 26 48 0 93.82165266745815 9.68382018323605 1.0
EDGE: 336 26 49 400 10.922809188365509 17.31270814353485 1.0
EDGE: 337 26 50 300 50.22430620893799 5.832720011058552 1.0
EDGE: 338 26 51 400 92.93584957250671 14.998854127521776 1.0
EDGE: 339 26 52 400 16.73019263424435 13.598901680602355 1.0
EDGE: 340 26 53 300 63.52097424263146 8.665262846268078 1.0
EDGE: 341 26 54 100 36.13960399947951 10.27992369834006 1.0
EDGE: 342 26 55 600 46.227193431499806 19.19033716935576 1.0
EDGE: 343 26 56 200 19.378172701859988 11.429539308451675 1.0
EDGE: 344 26 57 500 33.85552004319906 17.57816028477883 1.0
EDGE: 345 26 58 400 16.04317820781384 17.219086624222335 1.0
EDGE: 346 26 59 0 99.20943202523266 11.517359670806602 1.0
EDGE: 347 26 60 500 12.125769608843326 18.708480146872326 1.0
EDGE: 348 26 61 400 70.61890738677249 5.597631080397915 1.0
EDGE: 349 26 62 600 58.2293882214686 10.960410322674367 1.0
EDGE: 350 26 63 300 71.80834306911808 2.992506857768424 1.0
EDGE: 351 26 64 400 24.104740496964887 2.681331812763751 1.0
EDGE: 352 26 65 400 18.178628976547472 12.16696458549833 1.0
EDGE: 353 26 66 300 97.8215819878797 16.822841888738196 1.0
EDGE: 354 26 67 300 54.073752076067485 7.9184741132028265 1.0
EDGE: 355 26 68 400 20.397687447475924 5.327041944262761 1.0
EDGE: 356 26 69 400 68.1021851104416 9.810070897173755 1.0
EDGE: 357 26 70 600 19.205259091908232 4.949471786210976 1.0
EDGE: 358 27 39 300 46.08340599925646 8.804051861721367 1.0
EDGE: 359 27 40 500 35.975131337472206 10.843217198292328 1.0
EDGE: 360 27 41 400 73.6898567871377 9.654889497481456 1.0
EDGE: 361 27 42 100 77.71905555868942 18.3377774679155 1.0
EDGE: 362 27 43 200 83.35464462797948 5.369953470926138 1.0
EDGE: 363 27 44 0 41.39039568692574 4.096290679577942 1.0
EDGE: 364 27 45 200 92.51529835816453 8.796638433125253 1.0
EDGE: 365 27 46 0 85.60353093579856 2.5847104020217015 1.0
EDGE: 366 27 47 100 82.76390259365411 5.144487443557722 1.0
EDGE: 367 27 48 300 35.23229982583187 1.5365274671762046 1.0
EDGE: 368 27 49 600 41.97392491558151 17.000909272336663 1.0
EDGE: 369 27 50 400 17.20777173633089 11.846626645980056 1.0
EDGE: 370 27 51 0 83.97401717554136 3.149076306988072 1.0
EDGE: 371 27 52 400 48.33567948638272 7.077879421837171 1.0
EDGE: 372 27 53 400 42.83914604779083 1.2466062817829358 1.0
EDGE: 373 27 54 400 98.45381459565705 2.5140596940177216 1.0
EDGE: 374 27 55 300 31.369342576734535 17.173613281713312 1.0
EDGE: 375 27 56 200 14.749699280897513 16.44267978961131 1.0
EDGE: 376 27 57 200 55.82637421438594 4.6087268507202666 1.0
EDGE: 377 27 58 400 65.55886164921148 3.1013397034672283 1.0
EDGE: 378 27 59 400 41.49868609311817 17.14166904465619 1.0
EDGE: 379 27 60 200 94.46399260477926 3.4711834057033992 1.0
EDGE: 380 27 61 600 26.164872783605176 11.980988400150387 1.0
EDGE: 381 27 62 300 68.01533842273292 4.851054994657874 1.0
EDGE: 382 27 63 400 31.026052093699988 5.065537970200879 1.0
EDGE: 383 27 64 100 52.89260951848247 11.895950092035786 1.0
EDGE: 384 27 65 100 41.17739880538908 9.138297388588551 1.0
EDGE: 385 27 66 100 20.8287358969108 19.553356532174938 1.0
EDGE: 386 27 67 300 10.189197165077093 8.091129086718215 1.0
EDGE: 387 27 68 0 82.11577596125294 1.0810728056923873 1.0
EDGE: 388 27 69 400 95.86767874152036 16.63906225473631 1.0
EDGE: 389 27 70 0 61.013284355647635 10.080108077146347 1.0
EDGE: 390 28 39 500 96.76600513721547 13.132702456386575 1.0
EDGE: 391 28 40 200 48.87946764940124 6.226246716095577 1.0
EDGE: 392 28 41 600 51.515670884740715 13.067351854230438 1.0
EDGE: 393 28 42 300 83.34542616087705 7.13387932089716 1.0
EDGE: 394 28 43 500 25.548661203423265 4.597446873038483 1.0
EDGE: 395 28 44 200 94.35279664745286 14.535686996772672 1.0
EDGE: 396 28 45 400 12.280663417158966 4.114893586465707 1.0
EDGE: 397 28 46 500 20.375112264370635 3.7117810090446897 1.0
EDGE: 398 28 47 100 88.32565396826445 19.699903549546956 1.0
EDGE: 399 28 48 500 20.643200553891333 3.851883582146429 1.0
EDGE: 400 28 49 100 84.81216988647245 19.002920412958574 1.0
EDGE: 401 28 50 0 11.694903010518447 16.784147010670324 1.0
EDGE: 402 28 51 600 39.37157793077078 2.8662314063596384 1.0
EDGE: 403 28 52 100 29.06946581745017 1.2542069038916401 1.0
EDGE: 404 28 53 500 15.868645569329987 5.743857848906769 1.0
EDGE: 405 28 54 400 57.46688731168039 2.688058377931979 1.0
EDGE: 406 28 55 400 61.44475182565353 19.728317500206504 1.0
EDGE: 407 28 56 500 65.19254293916177 19.122352574170193 1.0
EDGE: 408 28 57 600 12.94401198134409 14.742855882580935 1.0
EDGE: 409 28 58 600 11.207407455615751 15.735709254556115 1.0
EDGE: 410 28 59 200 57.29266019859014 4.207732168298028 1.0
EDGE: 411 28 60 600 65.6041783705966 11.164630819746844 1.0
EDGE: 412 28 61 100 92.90199422761786 15.23916539786515 1.0
EDGE: 413 28 62 0 46.82960899100606 11.537621569699914 1.0
EDGE: 414 28 63 500 11.665185358524996 17.189523650255662 1.0
EDGE: 415 28 64 200 71.47337316657635 9.911099959180556 1.0
EDGE: 416 28 65 500 73.61827588765254 19.087356693408864 1.0
EDGE: 417 28 66 200 24.943780151802073 7.540697900106191 1.0
EDGE: 418 28 67 100 28.83567329288123 19.285863087974054 1.0
EDGE: 419 28 68 100 73.8506315119873 18.171544630896594 1.0
EDGE: 420 28 69 500 73.63045601193386 8.378384203660152 1.0
EDGE: 421 28 70 300 53.415537817336215 2.281122268262265 1.0
EDGE: 422 29 39 400 90.6297993475182 3.189526171994934 1.0
EDGE: 423 29 40 600 85.73004002638136 5.958296082479726 1.0
EDGE: 424 29 41 300 34.795831699525856 18.4004919009 1.0
EDGE: 425 29 42 400 37.18178825910958 4.85210250631634 1.0
EDGE: 426 29 43 600 29.962251776345852 1.1172257320568608 1.0
EDGE: 427 29 44 100 35.86915303593109 3.3738977770923073 1.0
EDGE: 428 29 45 100 22.95698278734372 5.439964049791763 1.0
EDGE: 429 29 46 300 62.32452905892628 13.086456026044823 1.0
EDGE: 430 29 47 0 34.88122578452082 14.84278040791253 1.0
EDGE: 431 29 48 400 69.36668716550054 13.963612211747273 1.0
EDGE: 432 29 49 0 91.61517273270243 2.9217217391287686 1.0
EDGE: 433 29 50 0 39.402451294688035 6.954041967652237 1.0
EDGE: 434 29 51 500 18.12073275909045 10.820133414955727 1.0
EDGE: 435 29 52 300 39.99803530911498 5.032775317682523 1.0
EDGE: 436 29 53 500 23.61156233638045 5.3897585374117 1.0
EDGE: 437 29 54 0 91.04035339323698 4.674034206523492 1.0
EDGE: 438 29 55 600 57.16071596990506 8.896212769435056 1.0
EDGE: 439 29 56 400 39.30858857944208 3.4289912232240427 1.0
EDGE: 440 29 57 100 75.81623563564581 7.827424190600672 1.0
EDGE: 441 29 58 0 18.776374026321804 1.0420396063204966 1.0
EDGE: 442 29 59 0 59.79498548129151 8.11363396418163 1.0
EDGE: 443 29 60 100 27.464864224626822 2.2891720506518265 1.0
EDGE: 444 29 61 300 71.82504132000614 19.817549425551466 1.0
EDGE: 445 29 62 400 54.16702862698503 6.47205939500765 1.0
EDGE: 446 29 63 100 50.20696355730864 6.103247784510308 1.0
EDGE: 447 29 64 400 50.863467005123375 11.25142260550756 1.0
EDGE: 448 29 65 500 37.664236929189634 7.04241681377206 1.0
EDGE: 449 29 66 400 59.15007031349164 6.253295220977533 1.0
EDGE: 450 29 67 300 40.55323586671895 7.566533122733499 1.0
EDGE: 451 29 68 600 11.497837762417943 12.631766136196209 1.0
EDGE: 452 29 69 300 85.50296064379047 16.623570759008867 1.0
EDGE: 453 29 70 400 10.665149069260885 1.5217977658613417 1.0
EDGE: 454 30 39 400 73.0549306159007 12.34782927040725 1.0
EDGE: 455 30 40 500 23.082830083330215 4.065716118517631 1.0
EDGE: 456 30 41 500 40.37349781151819 1.8014792075945154 1.0
EDGE: 457 30 42 400 14.532295330339398 8.4469597543175 1.0
EDGE: 458 30 43 400 27.596895434849245 11.596418305387008 1.0
EDGE: 459 30 44 100 48.93710231940059 4.114691092346536 1.0
EDGE: 460 30 45 300 24.89937640721589 1.455030802038538 1.0
EDGE: 461 30 46 200 73.58821255771359 6.132852936115281 1.0
EDGE: 462 30 47 400 49.834690121178134 1.5184444085171425 1.0
EDGE: 463 30 48 500 36.62329746872079 11.337273258265952 1.0
EDGE: 464 30 49 600 67.03126661621407 18.960879510548647 1.0
EDGE: 465 30 50 500 15.080371418386614 13.734407766464262 1.0
EDGE: 466 30 51 400 24.809393230463655 5.218682142641844 1.0
EDGE: 467 30 52 500 54.34607730488087 2.3253112588373006 1.0
EDGE: 468 30 53 100 35.79069191709473 8.89263574155537 1.0
EDGE: 469 30 54 0 72.31894379669836 2.2884387573711473 1.0
EDGE: 470 30 55 200 31.070229889007134 17.132146757446943 1.0
EDGE: 471 30 56 600 24.107924251792152 16.204864171725426 1.0
EDGE: 472 30 57 100 40.02155769883602 19.05989502489508 1.0
EDGE: 473 30 58 100 95.58651427452894 11.759511111632115 1.0
EDGE: 474 30 59 500 20.30499735968654 12.54554609544947 1.0
EDGE: 475 30 60 500 86.62278677679038 12.10199365116907 1.0
EDGE: 476 30 61 0 75.14948601294924 3.387115159850817 1.0
EDGE: 477 30 62 500 47.30563278284965 7.800653594096681 1.0
EDGE: 478 30 63 100 27.47830512470332 12.708580469381449 1.0
EDGE: 479 30 64 400 22.987528739436453 3.0733964319401745 1.0
EDGE: 480 30 65 400 42.94897054220537 18.132336309170704 1.0
EDGE: 481 30 66 600 26.46416215651594 19.72891268556704 1.0
EDGE: 482 30 67 100 56.4776462490313 6.035082158866995 1.0
EDGE: 483 30 68 100 28.11118470767138 1.0018821504279518 1.0
EDGE: 484 30 69 300 99.31834038656298 12.945742481892589 1.0
EDGE: 485 30 70 400 47.298452108258445 18.215753257091013 1.0
EDGE: 486 31 39 0 46.26725107425261 19.894002878493623 1.0
EDGE: 487 31 40 600 90.90203264071371 9.956693226944159 1.0
EDGE: 488 31 41 100 25.062527972431578 5.268070492099269 1.0
EDGE: 489 31 42 500 67.2343081059159 17.192299960646366 1.0
EDGE: 490 31 43 300 52.54978158082709 10.49023944956659 1.0
EDGE: 491 31 44 0 96.21248326814724 1.5186709145193813 1.0
EDGE: 492 31 45 100 94.68366589570395 1.5688600233578849 1.0
EDGE: 493 31 46 600 39.085794715493186 10.469424573974592 1.0
EDGE: 494 31 47 500 59.93581612737596 17.335309141989804 1.0
EDGE: 495 31 48 200 63.541773424706236 14.570263408920457 1.0
EDGE: 496 31 49 400 68.17948654701938 16.92454720538104 1.0
EDGE: 497 31 50 200 32.511825800834266 18.57267717614872 1.0
EDGE: 498 31 51 100 99.62116815287635 2.8078643523180093 1.0
EDGE: 499 31 52 500 27.496478763459837 9.050377577060377 1.0
EDGE: 500 31 53 400 40.84953323643735 12.436403260080926 1.0
EDGE: 501 31 54 200 19.730591871329203 8.292058747337627 1.0
EDGE: 502 31 55 100 87.57199257366108 13.304054120714898 1.0
EDGE: 503 31 56 300 55.008839812425634 15.174076144094087 1.0
EDGE: 504 31 57 300 46.10918617028268 6.988317509211406 1.0
EDGE: 505 31 58 200 90.49178903838569 17.446640713647078 1.0
EDGE: 506 31 59 0 58.217727484433794 6.47772639969286 1.0
EDGE: 507 31 60 400 84.31288863411923 17.617116800174358 1.0
EDGE: 508 31 61 200 76.31150126850552 11.844421770816266 1.0
EDGE: 509 31 62 500 61.306652933426435 19.364025066791037 1.0
EDGE: 510 31 63 600 28.651836965134404 19.070476595514496 1.0
EDGE: 511 31 64 100 80.67840223957805 2.1653353502832786 1.0
EDGE: 512 31 65 0 26.57686383421294 6.5865610991198436 1.0
EDGE: 513 31 66 600 53.93581703342777 11.574651145717661 1.0
EDGE: 514 31 67 400 78.34036505193882 19.83153997571846 1.0
EDGE: 515 31 68 400 13.9026659930528 3.328873614944425 1.0
EDGE: 516 31 69 400 56.6304443348793 3.891605063857686 1.0
EDGE: 517 31 70 600 18.134982653506604 15.220943559309717 1.0
EDGE: 518 32 39 500 59.338306907363055 8.027524120621695 1.0
EDGE: 519 32 40 100 62.56003694908289 10.42125052464445 1.0
EDGE: 520 32 41 100 65.6474837878777 3.6486076380260455 1.0
EDGE: 521 32 42 200 43.658387866062895 13.681306771039631 1.0
EDGE: 522 32 43 600 62.01379517781508 6.041989487776949 1.0
EDGE: 523 32 44 0 10.009338637911702 7.603276832647146 1.0
EDGE: 524 32 45 100 35.10637723437675 16.91580507697285 1.0
EDGE: 525 32 46 400 66.52011356795619 10.908959975332811 1.0
EDGE: 526 32 47 100 61.28008477478804 12.564872851627282 1.0
EDGE: 527 32 48 600 37.159055783285794 5.391813587761002 1.0
EDGE: 528 32 49 100 24.649573406513355 17.21746212278546 1.0
EDGE: 529 32 50 600 94.51317372208813 9.985618352763533 1.0
EDGE: 530 32 51 300 48.33537296006874 1.8717514949422456 1.0
EDGE: 531 32 52 200 76.99033632871283 16.13337365925513 1.0
EDGE: 532 32 53 200 45.95228857618488 18.680559314362586 1.0
EDGE: 533 32 54 100 96.98643872370539 16.390017448179723 1.0
EDGE: 534 32 55 0 62.910405784647004 16.692954805404064 1.0
EDGE: 535 32 56 0 25.83783094702962 1.942568720461073 1.0
EDGE: 536 32 57 600 39.59903793822185 5.511326074684417 1.0
EDGE: 537 32 58 0 53.879363057676294 18.48128053019554 1.0
EDGE: 538 32 59 300 81.02392117274478 3.1725177564636935 1.0
EDGE: 539 32 60 0 46.428313036338835 13.605399850767085 1.0
EDGE: 540 32 61 500 89.96796642303048 7.311614903766909 1.0
EDGE: 541 32 62 600 29.014529987233743 11.697130489223182 1.0
EDGE: 542 32 63 300 73.24588774727765 5.416978962126327 1.0
EDGE: 543 32 64 300 17.677130834837687 16.94738878322325 1.0
EDGE: 544 32 65 300 23.12300374913822 6.735122198180495 1.0
EDGE: 545 32 66 300 42.64800053369178 18.966946415604873 1.0
EDGE: 546 32 67 300 98.468558842764 7.134020616006724 1.0
EDGE: 547 32 68 300 66.24247489073247 5.166557583614108 1.0
EDGE: 548 32 69 400 52.7138269518362 11.983451308741191 1.0
EDGE: 549 32 70 600 58.27747814652398 2.839659903208987 1.0
EDGE: 550 33 39 500 28.18535310507023 18.860955552412545 1.0
EDGE: 551 33 40 300 64.837440100119 7.631247559531844 1.0
EDGE: 552 33 41 100 88.8836350817841 18.642018261057235 1.0
EDGE: 553 33 42 600 38.70829778098317 1.8265014124455636 1.0
EDGE: 554 33 43 200 26.277527479827057 2.283054776087234 1.0
EDGE: 555 33 44 0 32.299917852098375 4.642785468428717 1.0
EDGE: 556 33 45 200 95.18473942633905 3.355804527323216 1.0
EDGE: 557 33 46 400 26.37720920841078 6.458584093769454 1.0
EDGE: 558 33 47 600 29.308674105472782 2.141719849004398 1.0
EDGE: 559 33 48 100 40.42029212959021 4.6629917868906485 1.0
EDGE: 560 33 49 0 98.5019659008469 15.844949063504941 1.0
EDGE: 561 33 50 300 22.933980710773916 2.559335971870475 1.0
EDGE: 562 33 51 300 72.32702434711726 1.2325008420188341 1.0
EDGE: 563 33 52 300 32.52694560081358 8.50653344766948 1.0
EDGE: 564 33 53 500 76.98386223382131 17.760189662748342 1.0
EDGE: 565 33 54 300 73.08082114777338 1.2317732709380165 1.0
EDGE: 566 33 55 100 65.17557539392831 1.992954896738138 1.0
EDGE: 567 33 56 100 48.82959514745113 2.9981183548142925 1.0
EDGE: 568 33 57 100 40.98173073313062 9.878142158568775 1.0
EDGE: 569 33 58 400 57.66960229161173 8.060618703147904 1.0
EDGE: 570 33 59 200 54.310018632920794 2.180349786006824 1.0
EDGE: 571 33 60 600 93.52040787918165 12.594536348415836 1.0
EDGE: 572 33 61 600 81.99646182275873 1.1364261130437394 1.0
EDGE: 573 33 62 100 51.05690623985471 17.029263446322272 1.0
EDGE: 574 33 63 0 25.12448388074571 7.139214030174353 1.0
EDGE: 575 33 64 300 48.63296267814994 9.471542796816218 1.0
EDGE: 576 33 65 600 74.6331864550513 19.00863769781408 1.0
EDGE: 577 33 66 600 27.716875778161874 19.651571253591076 1.0
EDGE: 578 33 67 200 99.78509612071781 12.158725500168226 1.0
EDGE: 579 33 68 600 39.6590110052683 14.575586090333125 1.0
EDGE: 580 33 69 0 66.56374404568562 18.7191588676943 1.0
EDGE: 581 33 70 100 43.11188445669258 19.81852936656929 1.0
EDGE: 582 34 39 600 95.57134809784338 2.41994714259509 1.0
EDGE: 583 34 40 300 37.923040321110946 19.140377479327267 1.0
EDGE: 584 34 41 300 51.4969491675581 4.797816275189976 1.0
EDGE: 585 34 42 100 33.821006934171976 6.8597398618033925 1.0
EDGE: 586 34 43 500 18.72527603135496 18.0329077034544 1.0
EDGE: 587 34 44 100 94.71466627293937 2.1683073618828814 1.0
EDGE: 588 34 45 600 70.156685837336 13.474382423187581 1.0
EDGE: 589 34 46 0 91.92632646999114 10.31975780073351 1.0
EDGE: 590 34 47 0 98.80846459629126 8.663521646462286 1.0
EDGE: 591 34 48 0 82.178831519634 15.37670221709911 1.0
EDGE: 592 34 49 400 54.26781128976288 3.4129186311336364 1.0
EDGE: 593 34 50 600 88.65701720298146 17.949270379168976 1.0
EDGE: 594 34 51 200 48.56684027043455 19.250357184330692 1.0
EDGE: 595 34 52 300 65.96380918287576 3.10892827111651 1.0
EDGE: 596 34 53 500 88.54986186364273 6.28596561870549 1.0
EDGE: 597 34 54 400 42.29128503589536 13.411121464669263 1.0
EDGE: 598 34 55 500 24.303308702442664 13.31124633587735 1.0
EDGE: 599 34 56 200 94.62703171169709 12.710337224364697 1.0
EDGE: 600 34 57 200 55.71858312772717 14.688571939262532 1.0
EDGE: 601 34 58 500 15.316073918829652 10.201180247780995 1.0
EDGE: 602 34 59 500 91.7581670342935 8.339737999893885 1.0
EDGE: 603 34 60 500 80.79872303217809 6.869055597202491 1.0
EDGE: 604 34 61 600 59.49526748269953 15.892173428253784 1.0
EDGE: 605 34 62 200 35.84462403283269 15.284052166837641 1.0
EDGE: 606 34 63 300 42.49736292713319 19.79139616918745 1.0
EDGE: 607 34 64 100 89.10334940498994 9.421618967999814 1.0
EDGE: 608 34 65 100 50.62390795643496 9.938310218283874 1.0
EDGE: 609 34 66 0 88.29181817123091 7.943633946615304 1.0
EDGE: 610 34 67 0 55.80854999910874 13.15994059513637 1.0
EDGE: 611 34 68 300 85.83887490918778 5.123448697123793 1.0
EDGE: 612 34 69 300 50.89615411093935 2.572191654792694 1.0
EDGE: 613 34 70 200 38.307343811317295 19.348514024893866 1.0
EDGE: 614 35 39 300 91.10494839236476 6.643233441785497 1.0
EDGE: 615 35 40 300 95.41383965716432 1.884172410878401 1.0
EDGE: 616 35 41 500 30.184097553609337 1.5161013264920062 1.0
EDGE: 617 35 42 0 76.96668764020805 18.332214544775685 1.0
EDGE: 618 35 43 100 35.837036620741785 10.899106408601138 1.0
EDGE: 619 35 44 200 88.54223995364407 17.96779065193514 1.0
EDGE: 620 35 45 0 21.480851513544064 6.582649430171596 1.0
EDGE: 621 35 46 400 19.21990956123947 11.88827760242137 1.0
EDGE: 622 35 47 600 23.912041841116174 5.3910335596436445 1.0
EDGE: 623 35 48 0 97.19622850362904 3.657683609130391 1.0
EDGE: 624 35 49 0 68.94895868107363 3.127866948994763 1.0
EDGE: 625 35 50 0 21.598255860055684 8.880197307374065 1.0
EDGE: 626 35 51 100 69.6212479943965 17.823649717596673 1.0
EDGE: 627 35 52 500 61.31662729322141 10.886464296875907 1.0
EDGE: 628 35 53 600 53.9765998178617 6.344143201454483 1.0
EDGE: 629 35 54 200 64.1785786733266 8.466192417714012 1.0
EDGE: 630 35 55 400 52.075115781206556 12.168107486162564 1.0
EDGE: 631 35 56 500 82.28124442614339 12.330674362034536 1.0
EDGE: 632 35 57 600 74.24162124249327 13.893008601283642 1.0
EDGE: 633 35 58 300 41.805554384021434 3.738825070923629 1.0
EDGE: 634 35 59 400 95.14621380170243 12.777283234779148 1.0
EDGE: 635 35 60 200 48.13101570307462 6.470324075432561 1.0
EDGE: 636 35 61 200 70.78337515657728 9.377759655537712 1.0
EDGE: 637 35 62 100 59.57173514140287 10.079461505193251 1.0
EDGE: 638 35 63 500 37.919961530076094 18.090823976679154 1.0
EDGE: 639 35 64 0 25.55394613337336 19.113275233959364 1.0
EDGE: 640 35 65 600 98.08236677639366 7.155929456753558 1.0
EDGE: 641 35 66 600 77.5553966253675 13.727578593315288 1.0
EDGE: 642 35 67 200 20.653192840924685 17.430039528684233 1.0
EDGE: 643 35 68 600 23.626873507406074 10.884469379791934 1.0
EDGE: 644 35 69 200 22.14772101057786 14.991600130158597 1.0
EDGE: 645 35 70 400 29.816208206670968 2.0649132163852135 1.0
EDGE: 646 36 39 200 71.24051795926117 6.382635564341597 1.0
EDGE: 647 36 40 600 74.31504397120143 4.179998647084647 1.0
EDGE: 648 36 41 100 41.61245728445431 19.04755907622375 1.0
EDGE: 649 36 42 200 12.648710080335512 9.114453203260082 1.0
EDGE: 650 36 43 100 87.1885086445997 10.27729478001589 1.0
EDGE: 651 36 44 400 44.72949088624958 2.086019377685329 1.0
EDGE: 652 36 45 100 96.83657452267568 19.71730226446385 1.0
EDGE: 653 36 46 0 47.09360743052401 14.754276489143015 1.0
EDGE: 654 36 47 300 78.09769655083197 11.248098954323675 1.0
EDGE: 655 36 48 200 36.14223776156648 12.762512611147521 1.0
EDGE: 656 36 49 100 12.017957689556402 13.796875943262672 1.0
EDGE: 657 36 50 400 90.70686888638755 11.146229574948752 1.0
EDGE: 658 36 51 100 83.65237202140173 16.388794307448084 1.0
EDGE: 659 36 52 200 64.75930849421687 17.791884795670466 1.0
EDGE: 660 36 53 400 55.311089123293776 8.496565967189518 1.0
EDGE: 661 36 54 200 73.58665139711104 17.879453356428975 1.0
EDGE: 662 36 55 0 82.11821349462875 10.496902000627033 1.0
EDGE: 663 36 56 300 59.25154156553483 7.9924145239691144 1.0
EDGE: 664 36 57 0 71.95357204015174 19.79243063653757 1.0
EDGE: 665 36 58 400 93.65801598688718 17.32874910344486 1.0
EDGE: 666 36 59 600 24.347711979912912 11.90767278488779 1.0
EDGE: 667 36 60 600 40.04324105010214 1.1965426044145406 1.0
EDGE: 668 36 61 300 25.400473584682 7.617674642546357 1.0
EDGE: 669 36 62 500 96.21548602234265 9.727792092121497 1.0
EDGE: 670 36 63 0 38.29342077966983 12.917883675612401 1.0
EDGE: 671 36 64 300 75.35860878164746 13.494004759639623 1.0
EDGE: 672 36 65 300 11.466469321071607 4.393870205432789 1.0
EDGE: 673 36 66 0 72.7233883132656 7.457185670271578 1.0
EDGE: 674 36 67 200 39.02900430546008 4.299479908837736 1.0
EDGE: 675 36 68 200 59.02601199059891 12.439809076025446 1.0
EDGE: 676 36 69 400 60.47581263494595 9.402019318106335 1.0
EDGE: 677 36 70 600 13.874025996949264 16.047361276968598 1.0
EDGE: 678 37 39 500 49.27812286868597 17.40305977275258 1.0
EDGE: 679 37 40 600 75.04006160285671 13.727058062507409 1.0
EDGE: 680 37 41 300 42.4201069174028 19.493461483960356 1.0
EDGE: 681 37 42 500 21.90365437240453 11.39632059412169 1.0
EDGE: 682 37 43 300 15.451097790018892 3.3512038715631434 1.0
EDGE: 683 37 44 500 43.88148041266578 7.824612345919377 1.0
EDGE: 684 37 45 500 80.1238946128746 15.640623126591734 1.0
EDGE: 685 37 46 400 87.16627510714352 17.702223085955833 1.0
EDGE: 686 37 47 500 64.18941784781217 14.82164584894532 1.0
EDGE: 687 37 48 500 45.59481946763474 11.079600108145755 1.0
EDGE: 688 37 49 400 75.41806380137139 9.827613626084895 1.0
EDGE: 689 37 50 200 23.965237417145666 10.610815387371641 1.0
EDGE: 690 37 51 400 74.41804213849856 15.920292356940422 1.0
EDGE: 691 37 52 600 14.62395896343687 3.7847675935675165 1.0
EDGE: 692 37 53 0 13.321047504671041 9.780662460980004 1.0
EDGE: 693 37 54 300 60.64265493718579 16.07770636333261 1.0
EDGE: 694 37 55 300 49.90551879498781 13.644079671362588 1.0
EDGE: 695 37 56 400 21.405431869671652 11.710678189536779 1.0
EDGE: 696 37 57 200 99.22786466677097 6.038402410561428 1.0
EDGE: 697 37 58 300 58.92663761097168 15.445484583376052 1.0
EDGE: 698 37 59 600 77.33191889251171 7.433679835771758 1.0
EDGE: 699 37 60 400 15.719558887498586 17.602748896558484 1.0
EDGE: 700 37 61 200 54.10695385828735 9.861993296586254 1.0
EDGE: 701 37 62 400 17.536333907225767 8.23568061778527 1.0
EDGE: 702 37 63 0 94.86458084805123 13.316046283178913 1.0
EDGE: 703 37 64 500 66.79939943290903 16.143136787110976 1.0
EDGE: 704 37 65 0 42.704817809712125 18.48509348406544 1.0
EDGE: 705 37 66 400 15.044774644531042 14.155570899519285 1.0
EDGE: 706 37 67 500 56.241665983897796 1.1368075707065948 1.0
EDGE: 707 37 68 500 65.1975045640387 12.877463986661922 1.0
EDGE: 708 37 69 500 39.7584941962301 12.203672204607091 1.0
EDGE: 709 37 70 500 86.99955530531581 4.819828955902357 1.0
EDGE: 710 38 39 600 85.36353397252807 1.3825000257375595 1.0
EDGE: 711 38 40 400 11.410502027372289 14.606389528980433 1.0
EDGE: 712 38 41 0 19.215826522557943 11.805665675103482 1.0
EDGE: 713 38 42 100 82.3013011831397 2.6870165073386385 1.0
EDGE: 714 38 43 200 36.391912011254234 11.092648505018694 1.0
EDGE: 715 38 44 0 36.261467154734746 1.7420253960857923 1.0
EDGE: 716 38 45 300 21.463559918238502 15.840480267665583 1.0
EDGE: 717 38 46 500 83.83996699580479 14.710921935786672 1.0
EDGE: 718 38 47 600 34.3569039947555 12.361688613351655 1.0
EDGE: 719 38 48 500 18.040133925801612 6.1291932038070005 1.0
EDGE: 720 38 49 500 53.56323300964377 17.228334378704236 1.0
EDGE: 721 38 50 500 88.38893944833568 19.206738337136933 1.0
EDGE: 722 38 51 100 61.27179073517606 17.930731655919566 1.0
EDGE: 723 38 52 500 11.400894563605071 18.831527336955432 1.0
EDGE: 724 38 53 400 47.49489604353759 13.709448198624978 1.0
EDGE: 725 38 54 300 70.75694743969456 15.432090358959535 1.0
EDGE: 726 38 55 400 72.75565140464109 1.3691767126417056 1.0
EDGE: 727 38 56 600 93.0186272256185 3.3824212782068663 1.0
EDGE: 728 38 57 600 11.408635816182946 2.633074728768099 1.0
EDGE: 729 38 58 100 27.197804723664476 12.382900055910858 1.0
EDGE: 730 38 59 300 60.163790777488884 6.34616318118771 1.0
EDGE: 731 38 60 200 29.00233368550886 5.000816706009819 1.0
EDGE: 732 38 61 300 58.883914784068615 7.586377283352037 1.0
EDGE: 733 38 62 200 43.07793473248169 4.304099831777959 1.0
EDGE: 734 38 63 500 13.225991718234548 7.491869026409507 1.0
EDGE: 735 38 64 500 69.06658097058641 4.271837201813568 1.0
EDGE: 736 38 65 200 91.1967236857028 13.36314682305168 1.0
EDGE: 737 38 66 600 69.80173724236795 18.41518666415841 1.0
EDGE: 738 38 67 500 98.19256139930921 7.3486520465313125 1.0
EDGE: 739 38 68 0 32.460762377653865 18.79226614193278 1.0
EDGE: 740 38 69 400 77.59453895729462 8.772365490457968 1.0
EDGE: 741 38 70 600 85.9947519539616 16.350622849533778 1.0
EOF
