NAME : null
NBR_NODES: 60
NBR_EDGES: 819
T: 184.9367446924818
# NODE: i x_i y_i b_i g_i s_i
# x_i, y_i : x, y of node i
# b_i : demand of node_i, <0 for depot, >0 for client, =0 for platforms
# g_i : cost for using node i, >0 only for platforms
# s_i : time for crossing node _i, >0 only for platforms
NODE: 1 10 10 -19 0.0 0.0
NODE: 2 10 20 -14 0.0 0.0
NODE: 3 10 30 -20 0.0 0.0
NODE: 4 10 40 -22 0.0 0.0
NODE: 5 10 50 -18 0.0 0.0
NODE: 6 10 60 -9 0.0 0.0
NODE: 7 10 70 -8 0.0 0.0
NODE: 8 10 80 -20 0.0 0.0
NODE: 9 10 90 -21 0.0 0.0
NODE: 10 10 100 -11 0.0 0.0
NODE: 11 10 110 -8 0.0 0.0
NODE: 12 10 120 -7 0.0 0.0
NODE: 13 10 130 -21 0.0 0.0
NODE: 14 10 140 -13 0.0 0.0
NODE: 15 10 150 -19 0.0 0.0
NODE: 16 10 160 -14 0.0 0.0
NODE: 17 10 170 -12 0.0 0.0
NODE: 18 10 180 -8 0.0 0.0
NODE: 19 10 190 -28 0.0 0.0
NODE: 20 50 10 0 99.6474490060791 1.0
NODE: 21 50 20 0 19.880831593740936 1.0
NODE: 22 50 30 0 61.15690386602468 1.0
NODE: 23 50 40 0 51.71674357365567 1.0
NODE: 24 50 50 0 39.654939854980725 1.0
NODE: 25 50 60 0 45.077044681929316 1.0
NODE: 26 50 70 0 99.78987488386224 1.0
NODE: 27 50 80 0 82.29741080567821 1.0
NODE: 28 50 90 0 43.66918486027536 1.0
NODE: 29 50 100 0 74.25156664188434 1.0
NODE: 30 50 110 0 60.926150150539165 1.0
NODE: 31 50 120 0 85.43536638794482 1.0
NODE: 32 50 130 0 61.47675056935561 1.0
NODE: 33 50 140 0 79.1283339213869 1.0
NODE: 34 50 150 0 21.554282615610607 1.0
NODE: 35 50 160 0 49.72896201027008 1.0
NODE: 36 50 170 0 44.517333239986044 1.0
NODE: 37 50 180 0 92.29945117964995 1.0
NODE: 38 50 190 0 15.397532779371945 1.0
NODE: 39 50 200 0 63.85753950396451 1.0
NODE: 40 50 210 0 32.18659859499289 1.0
NODE: 41 100 10 10 0.0 0.0
NODE: 42 100 20 19 0.0 0.0
NODE: 43 100 30 20 0.0 0.0
NODE: 44 100 40 19 0.0 0.0
NODE: 45 100 50 14 0.0 0.0
NODE: 46 100 60 21 0.0 0.0
NODE: 47 100 70 9 0.0 0.0
NODE: 48 100 80 21 0.0 0.0
NODE: 49 100 90 10 0.0 0.0
NODE: 50 100 100 14 0.0 0.0
NODE: 51 100 110 8 0.0 0.0
NODE: 52 100 120 8 0.0 0.0
NODE: 53 100 130 17 0.0 0.0
NODE: 54 100 140 11 0.0 0.0
NODE: 55 100 150 14 0.0 0.0
NODE: 56 100 160 13 0.0 0.0
NODE: 57 100 170 17 0.0 0.0
NODE: 58 100 180 18 0.0 0.0
NODE: 59 100 190 8 0.0 0.0
NODE: 60 100 200 21 0.0 0.0
# EDGE: k i j u_ij c_ij h_ij t_ij
# i : starting node of edge k
# j : ending node of edge k
# u_ij : capacity of edge (i,j)
# c_ij : fixed cost for the use of (i,j)
# h_ij : unit cost for (i,j)
# t_ij : delivery time for (i,j)
EDGE: 1 1 20 0 23.77872908100852 9.431418087439777 1.0
EDGE: 2 1 21 0 99.70776958385042 1.8703081266510022 1.0
EDGE: 3 1 22 0 37.57375123815757 7.813279584332798 1.0
EDGE: 4 1 23 0 19.76308468401537 11.901248097958694 1.0
EDGE: 5 1 24 0 26.592123136981797 15.29764291537491 1.0
EDGE: 6 1 25 0 63.75239588829982 13.722290182232125 1.0
EDGE: 7 1 26 0 69.85570412689566 2.100930874296784 1.0
EDGE: 8 1 27 0 56.7929618857672 14.827647606285513 1.0
EDGE: 9 1 28 0 10.200833702437237 4.995890756975964 1.0
EDGE: 10 1 29 0 45.97271104522554 4.030930060902353 1.0
EDGE: 11 1 30 0 51.45572635804247 14.952465973770074 1.0
EDGE: 12 1 31 0 26.743024967709296 12.010771554779001 1.0
EDGE: 13 1 32 0 22.300614315083777 16.67314562385971 1.0
EDGE: 14 1 33 0 44.06069045498978 14.889603890166407 1.0
EDGE: 15 1 34 0 76.06843436551952 5.237622555598036 1.0
EDGE: 16 1 35 0 73.78678814290413 11.93541566262543 1.0
EDGE: 17 1 36 0 38.24389162159885 18.82161060931118 1.0
EDGE: 18 1 37 0 12.350360144316806 5.22633930619021 1.0
EDGE: 19 1 38 0 35.91868769878897 3.20466586421068 1.0
EDGE: 20 1 39 0 35.18466853640028 12.867912456601413 1.0
EDGE: 21 1 40 3800 25.96074276860807 12.531849137563993 1.0
EDGE: 22 2 20 0 76.94383004010675 5.102857144831069 1.0
EDGE: 23 2 21 0 91.1552157723374 1.5440803617866627 1.0
EDGE: 24 2 22 0 89.00768231241453 18.40321813892469 1.0
EDGE: 25 2 23 0 66.0751488795344 8.242023927895566 1.0
EDGE: 26 2 24 0 52.282646412101144 4.384707485408207 1.0
EDGE: 27 2 25 0 46.93953042403658 10.698352365083103 1.0
EDGE: 28 2 26 0 95.80644689459649 1.1330961436022777 1.0
EDGE: 29 2 27 0 32.216596366407785 19.483227303290704 1.0
EDGE: 30 2 28 0 14.164454767220972 3.2824982069202093 1.0
EDGE: 31 2 29 0 23.23018262042738 2.9178486275673357 1.0
EDGE: 32 2 30 0 19.225504702077874 13.935392143517792 1.0
EDGE: 33 2 31 0 46.52695700975328 7.120906382699385 1.0
EDGE: 34 2 32 0 84.20497386612921 6.264219312613123 1.0
EDGE: 35 2 33 0 32.26230497088089 1.5627878940689424 1.0
EDGE: 36 2 34 0 30.562946273082066 2.3844060291381792 1.0
EDGE: 37 2 35 0 45.36271721454425 11.592379334740915 1.0
EDGE: 38 2 36 0 10.74528153257045 6.838657218896883 1.0
EDGE: 39 2 37 0 38.72248095432393 2.1513052863910147 1.0
EDGE: 40 2 38 0 72.27536831536331 11.782353356105206 1.0
EDGE: 41 2 39 0 30.192482010920365 7.640450478711138 1.0
EDGE: 42 2 40 2800 31.204423654875644 10.709908210077172 1.0
EDGE: 43 3 20 0 97.61892409472296 19.653611360174082 1.0
EDGE: 44 3 21 0 95.42811236874304 19.311923198202216 1.0
EDGE: 45 3 22 0 58.68981616103026 4.043113332693314 1.0
EDGE: 46 3 23 0 90.87731352257173 11.802981008069425 1.0
EDGE: 47 3 24 0 74.84696909698283 5.53224569145164 1.0
EDGE: 48 3 25 0 26.0908464411029 8.809930282280716 1.0
EDGE: 49 3 26 0 21.021396220460637 17.839351942727948 1.0
EDGE: 50 3 27 0 73.17796508399249 6.660494261097288 1.0
EDGE: 51 3 28 0 75.44986890829034 5.028422303237709 1.0
EDGE: 52 3 29 0 45.67844066752001 12.662058432365106 1.0
EDGE: 53 3 30 0 56.3304648370728 8.551032990306906 1.0
EDGE: 54 3 31 0 96.32803129114382 18.7104696591807 1.0
EDGE: 55 3 32 0 94.57491983312678 13.194470471172208 1.0
EDGE: 56 3 33 0 60.237167167395754 16.31870112693785 1.0
EDGE: 57 3 34 0 34.41560002773922 9.9008936328279 1.0
EDGE: 58 3 35 0 21.490650884584632 8.905217137387794 1.0
EDGE: 59 3 36 0 16.12488318599369 14.172368218564518 1.0
EDGE: 60 3 37 0 23.676196606935918 19.931891383548376 1.0
EDGE: 61 3 38 0 37.60480546795053 12.52662295359392 1.0
EDGE: 62 3 39 0 17.34960965329375 5.2313131577778496 1.0
EDGE: 63 3 40 4000 94.1047282922851 4.218370624250749 1.0
EDGE: 64 4 20 100 79.94442834735588 19.61333045533476 1.0
EDGE: 65 4 21 900 87.82490368938215 6.191034614820012 1.0
EDGE: 66 4 22 500 66.13382354559745 4.590674193450749 1.0
EDGE: 67 4 23 700 71.66368543791803 7.973729970483012 1.0
EDGE: 68 4 24 500 29.152607910705495 12.813505005502996 1.0
EDGE: 69 4 25 500 63.86624894922672 19.98833651764974 1.0
EDGE: 70 4 26 400 76.08711345630631 17.55272470689781 1.0
EDGE: 71 4 27 600 42.83260943827349 2.481512685486816 1.0
EDGE: 72 4 28 500 52.64078876025518 18.321903376841064 1.0
EDGE: 73 4 29 500 33.84274837190415 18.046492797667288 1.0
EDGE: 74 4 30 800 15.38331795816702 18.47765580050613 1.0
EDGE: 75 4 31 500 41.956666566940655 5.449507276684306 1.0
EDGE: 76 4 32 500 41.99107066966569 6.3883209054347265 1.0
EDGE: 77 4 33 900 57.847188010388045 2.225679146832386 1.0
EDGE: 78 4 34 300 22.48669770952325 19.51078034321872 1.0
EDGE: 79 4 35 400 25.823309304995057 14.259227076731174 1.0
EDGE: 80 4 36 400 96.985682406719 14.465262913807855 1.0
EDGE: 81 4 37 800 45.801896684208764 8.312832735887412 1.0
EDGE: 82 4 38 200 87.95766573635103 11.947981034324654 1.0
EDGE: 83 4 39 500 23.48559322554307 14.221005962073834 1.0
EDGE: 84 4 40 700 77.51035307577341 2.0714373145085294 1.0
EDGE: 85 5 20 0 75.50468791498277 5.212295463187299 1.0
EDGE: 86 5 21 0 72.70381743713028 12.47225154594028 1.0
EDGE: 87 5 22 0 48.780793768740814 8.575190583052684 1.0
EDGE: 88 5 23 0 54.40301168152583 5.276345176241787 1.0
EDGE: 89 5 24 0 45.870145003036704 10.632551804001602 1.0
EDGE: 90 5 25 0 17.67629316761324 14.761333433841058 1.0
EDGE: 91 5 26 0 90.54431955452627 3.73942216906086 1.0
EDGE: 92 5 27 0 84.24779546806575 11.305962599180507 1.0
EDGE: 93 5 28 0 60.366196271498204 14.769056588774669 1.0
EDGE: 94 5 29 0 70.01142981959315 7.9664432957638205 1.0
EDGE: 95 5 30 0 45.51896850116994 16.30201512837111 1.0
EDGE: 96 5 31 0 73.11435965714622 18.769516022869936 1.0
EDGE: 97 5 32 0 55.6460186993319 6.4831641767874295 1.0
EDGE: 98 5 33 0 70.61773693294265 14.562097963036182 1.0
EDGE: 99 5 34 0 88.95947377601628 16.261429469849162 1.0
EDGE: 100 5 35 0 44.24251876052337 8.00735337326336 1.0
EDGE: 101 5 36 0 70.37524379178274 16.477143595068426 1.0
EDGE: 102 5 37 0 18.208189964847207 5.067029373432247 1.0
EDGE: 103 5 38 0 87.93237109437153 6.011833507527715 1.0
EDGE: 104 5 39 0 44.67218392709463 2.0599060942528347 1.0
EDGE: 105 5 40 3600 29.254481110928506 15.965290259631397 1.0
EDGE: 106 6 20 0 14.777829316845118 3.1361963448671903 1.0
EDGE: 107 6 21 0 82.31117596714978 16.574764917019955 1.0
EDGE: 108 6 22 0 95.81862381747858 18.7577484339414 1.0
EDGE: 109 6 23 0 77.23715074916203 3.3411344206004876 1.0
EDGE: 110 6 24 0 97.52666579022637 10.523888012172591 1.0
EDGE: 111 6 25 0 78.46687693224762 11.576882924159884 1.0
EDGE: 112 6 26 0 52.993028218916095 18.432747049166235 1.0
EDGE: 113 6 27 0 68.94263346278271 3.340738828488376 1.0
EDGE: 114 6 28 0 92.22791459801489 8.417922465978279 1.0
EDGE: 115 6 29 0 10.653736052467917 12.473814315529156 1.0
EDGE: 116 6 30 0 48.86839384650844 8.75030673227499 1.0
EDGE: 117 6 31 0 58.264728407413244 7.2020914256296535 1.0
EDGE: 118 6 32 0 73.04152909978694 6.6449379040410985 1.0
EDGE: 119 6 33 0 95.09040405606767 17.520093695553417 1.0
EDGE: 120 6 34 0 35.8907182491949 12.162708438007558 1.0
EDGE: 121 6 35 0 33.17542048689853 15.320594336818695 1.0
EDGE: 122 6 36 0 33.77305102313248 17.246778701558124 1.0
EDGE: 123 6 37 0 91.73635347269104 8.98519813172929 1.0
EDGE: 124 6 38 0 92.63550249102208 19.48354173389864 1.0
EDGE: 125 6 39 0 20.723978102806505 1.900643921393884 1.0
EDGE: 126 6 40 1800 75.57776979568419 18.927974560170934 1.0
EDGE: 127 7 20 0 38.763614341985864 1.1156737814443554 1.0
EDGE: 128 7 21 0 99.10957132488443 15.083231532640147 1.0
EDGE: 129 7 22 0 67.23133235421636 1.1033048595498585 1.0
EDGE: 130 7 23 0 76.11020641041634 16.87431316034401 1.0
EDGE: 131 7 24 0 74.72382791760545 5.34335803941602 1.0
EDGE: 132 7 25 0 85.998208847079 7.205657832354115 1.0
EDGE: 133 7 26 0 48.67980139025843 1.1900784144387764 1.0
EDGE: 134 7 27 0 55.11888896715303 17.442506175556257 1.0
EDGE: 135 7 28 0 23.410617696043325 17.23969479921166 1.0
EDGE: 136 7 29 0 42.85759420997265 15.905868323215152 1.0
EDGE: 137 7 30 0 76.29810425956845 17.16276472849961 1.0
EDGE: 138 7 31 0 21.486468840600082 3.220952187331418 1.0
EDGE: 139 7 32 0 46.41725832428575 15.716142687289032 1.0
EDGE: 140 7 33 0 40.25256756763322 9.108886833204 1.0
EDGE: 141 7 34 0 12.341698454821287 9.399420144942638 1.0
EDGE: 142 7 35 0 66.71511377243687 12.961588715250633 1.0
EDGE: 143 7 36 0 68.38967390223765 2.9706786760945327 1.0
EDGE: 144 7 37 0 80.83969205625965 5.289614357088576 1.0
EDGE: 145 7 38 0 31.068427070746758 18.78640346726487 1.0
EDGE: 146 7 39 0 29.85724695434983 12.882840864681874 1.0
EDGE: 147 7 40 1600 89.97474086948888 18.680393537193417 1.0
EDGE: 148 8 20 0 84.39563259653087 10.273823093315507 1.0
EDGE: 149 8 21 0 19.909472222866288 14.846522056995687 1.0
EDGE: 150 8 22 0 38.89158181058893 5.843663336322444 1.0
EDGE: 151 8 23 0 83.4638961469729 4.940182390335814 1.0
EDGE: 152 8 24 0 51.79086291726189 6.660246461593885 1.0
EDGE: 153 8 25 0 25.83564221959275 17.363268285083763 1.0
EDGE: 154 8 26 0 83.54447192606224 7.888675372871515 1.0
EDGE: 155 8 27 0 56.13207936726472 6.447529640653309 1.0
EDGE: 156 8 28 0 92.90865453226145 5.36375958029097 1.0
EDGE: 157 8 29 0 81.91893414964753 7.001149875950883 1.0
EDGE: 158 8 30 0 14.556568743893962 15.66439076624815 1.0
EDGE: 159 8 31 0 56.27195756099485 12.433385331204446 1.0
EDGE: 160 8 32 0 93.50940869064651 16.77965798949658 1.0
EDGE: 161 8 33 0 89.08945168051287 14.422114002651778 1.0
EDGE: 162 8 34 0 14.394802455147639 12.206540235695213 1.0
EDGE: 163 8 35 0 76.92348929632041 19.839136449894955 1.0
EDGE: 164 8 36 0 56.04028369140324 8.06902456892298 1.0
EDGE: 165 8 37 0 68.08760229551496 17.398067539677374 1.0
EDGE: 166 8 38 0 54.409669316908285 1.5984885833066904 1.0
EDGE: 167 8 39 0 82.29878602666182 4.239673615455777 1.0
EDGE: 168 8 40 4000 79.39013700821032 8.065195550839592 1.0
EDGE: 169 9 20 600 16.61162023764314 16.419486536911023 1.0
EDGE: 170 9 21 200 93.4378274103802 6.000744503562986 1.0
EDGE: 171 9 22 500 21.90229545713817 17.01254847096487 1.0
EDGE: 172 9 23 600 22.58978155397183 8.301316709697671 1.0
EDGE: 173 9 24 700 46.660406442926096 13.300124116204714 1.0
EDGE: 174 9 25 600 72.85001626170217 15.551566019655807 1.0
EDGE: 175 9 26 100 57.34628077816357 19.253227872037122 1.0
EDGE: 176 9 27 200 67.45755943782136 11.658994399958875 1.0
EDGE: 177 9 28 800 37.07167004066294 16.277808721596458 1.0
EDGE: 178 9 29 500 23.04427015062886 14.638656875088648 1.0
EDGE: 179 9 30 400 56.86163532878731 12.936437933191867 1.0
EDGE: 180 9 31 700 65.19021645079079 10.138041017444698 1.0
EDGE: 181 9 32 800 16.255393548733842 5.111338527171157 1.0
EDGE: 182 9 33 100 56.38447137518371 18.041960533921298 1.0
EDGE: 183 9 34 500 22.503995809403904 3.823607416987049 1.0
EDGE: 184 9 35 200 51.89910209057716 15.247313610157468 1.0
EDGE: 185 9 36 900 60.12259695355675 17.673467614173 1.0
EDGE: 186 9 37 100 21.584186475341816 12.447543154435508 1.0
EDGE: 187 9 38 500 55.05516812543043 14.616398433232453 1.0
EDGE: 188 9 39 700 88.09166763276538 17.51664578013392 1.0
EDGE: 189 9 40 900 20.20943084954136 6.539986607028921 1.0
EDGE: 190 10 20 0 34.53583838937096 2.8325738883226332 1.0
EDGE: 191 10 21 0 81.61986519139884 5.856337330335767 1.0
EDGE: 192 10 22 0 97.09829778777598 17.629873584136554 1.0
EDGE: 193 10 23 0 26.996564439875783 7.074898759210429 1.0
EDGE: 194 10 24 0 40.58517498024762 2.2213995326116147 1.0
EDGE: 195 10 25 0 20.9177721181651 18.070532896727684 1.0
EDGE: 196 10 26 0 17.44442967543252 5.678956990354042 1.0
EDGE: 197 10 27 0 13.42390527901959 18.511685968053488 1.0
EDGE: 198 10 28 0 73.25106142479055 12.312708013457048 1.0
EDGE: 199 10 29 0 71.27089251512953 12.66349447129781 1.0
EDGE: 200 10 30 0 44.16800538525436 12.03919137023055 1.0
EDGE: 201 10 31 0 13.600608512111414 6.530673920003576 1.0
EDGE: 202 10 32 0 84.39057567839191 4.477791885108857 1.0
EDGE: 203 10 33 0 86.28624631545527 10.055038213275779 1.0
EDGE: 204 10 34 0 14.082219900995806 11.365515961914452 1.0
EDGE: 205 10 35 0 21.710427243814465 17.83248376735405 1.0
EDGE: 206 10 36 0 20.809426461361475 5.629900377619995 1.0
EDGE: 207 10 37 0 63.2338527396115 2.564291865512861 1.0
EDGE: 208 10 38 0 49.98359724649271 12.209915200056525 1.0
EDGE: 209 10 39 0 86.11234301634505 17.207585766630316 1.0
EDGE: 210 10 40 2200 12.317674320868324 13.464688911637177 1.0
EDGE: 211 11 20 0 79.12002723098836 12.539790791551463 1.0
EDGE: 212 11 21 0 78.80536870127807 18.75991333664077 1.0
EDGE: 213 11 22 0 53.636537416939156 7.601940014711439 1.0
EDGE: 214 11 23 0 86.23076985007762 16.571760276272332 1.0
EDGE: 215 11 24 0 79.45600376297196 1.235667126775947 1.0
EDGE: 216 11 25 0 68.71616850866893 7.198163060652974 1.0
EDGE: 217 11 26 0 89.0756598877559 5.678734333522475 1.0
EDGE: 218 11 27 0 83.31590437061645 14.917299593470267 1.0
EDGE: 219 11 28 0 14.72186843588219 17.93393473330434 1.0
EDGE: 220 11 29 0 40.16403701804028 2.1831274087818455 1.0
EDGE: 221 11 30 0 34.87140850202454 15.376215481149625 1.0
EDGE: 222 11 31 0 90.1836737489212 12.19780490916594 1.0
EDGE: 223 11 32 0 99.52578759996682 9.812866419595167 1.0
EDGE: 224 11 33 0 75.86574400177936 15.95085624120205 1.0
EDGE: 225 11 34 0 85.99643376471849 8.961612698451056 1.0
EDGE: 226 11 35 0 83.12505199370496 8.564908739717312 1.0
EDGE: 227 11 36 0 69.45856738482598 5.061464981940721 1.0
EDGE: 228 11 37 0 14.741414042008874 11.53785742400014 1.0
EDGE: 229 11 38 0 35.031545991741204 1.0811574133111757 1.0
EDGE: 230 11 39 0 88.39367798730649 3.2212958113719337 1.0
EDGE: 231 11 40 1600 90.6435251892516 13.740030474384367 1.0
EDGE: 232 12 20 0 44.79447477419963 13.625057197363184 1.0
EDGE: 233 12 21 0 12.438230961489738 16.30619358165817 1.0
EDGE: 234 12 22 0 93.93346004478634 16.387712321253225 1.0
EDGE: 235 12 23 0 36.98165368546655 16.88681535496096 1.0
EDGE: 236 12 24 0 79.93691390607474 15.502861479095642 1.0
EDGE: 237 12 25 0 67.02649060260208 16.67538446924708 1.0
EDGE: 238 12 26 0 27.55147885475473 7.1410728069908185 1.0
EDGE: 239 12 27 0 60.09212897028684 15.370781805924578 1.0
EDGE: 240 12 28 0 35.75984568235787 14.657303805800435 1.0
EDGE: 241 12 29 0 71.6179959773957 7.733013184548845 1.0
EDGE: 242 12 30 0 26.53622568230532 19.623654574161723 1.0
EDGE: 243 12 31 0 66.94809647853394 14.99044353283467 1.0
EDGE: 244 12 32 0 59.24939283033597 15.47729194441171 1.0
EDGE: 245 12 33 0 88.9045290916683 9.563373989963582 1.0
EDGE: 246 12 34 0 53.72112822484482 16.123392563596155 1.0
EDGE: 247 12 35 0 40.20780238447472 14.318809737629476 1.0
EDGE: 248 12 36 0 37.4478766101613 8.582946237588931 1.0
EDGE: 249 12 37 0 72.50177455111591 16.321260478482564 1.0
EDGE: 250 12 38 0 74.99341038892375 14.525262908982466 1.0
EDGE: 251 12 39 0 76.24101081213848 4.794416684900568 1.0
EDGE: 252 12 40 1400 50.06033441590855 12.27503067389939 1.0
EDGE: 253 13 20 500 28.198387974172572 10.758546227406814 1.0
EDGE: 254 13 21 300 33.24824642548562 7.633762970627831 1.0
EDGE: 255 13 22 200 95.85074507598966 11.558456629079602 1.0
EDGE: 256 13 23 900 11.006326705908172 14.605482486791493 1.0
EDGE: 257 13 24 600 50.40040352263139 5.246860335659918 1.0
EDGE: 258 13 25 600 23.788239598385832 15.86648458947106 1.0
EDGE: 259 13 26 100 82.69035228140359 13.537998298535067 1.0
EDGE: 260 13 27 400 73.91707282493931 15.569026550938746 1.0
EDGE: 261 13 28 400 98.77093830525472 4.796352890058929 1.0
EDGE: 262 13 29 500 86.16821264568746 16.818779570420237 1.0
EDGE: 263 13 30 800 84.37585306346728 18.275303324970917 1.0
EDGE: 264 13 31 900 46.57789493116211 7.9158948191819585 1.0
EDGE: 265 13 32 200 10.065219805911699 15.570560977620728 1.0
EDGE: 266 13 33 200 17.48530399876377 8.199522066529264 1.0
EDGE: 267 13 34 400 21.293630778837585 16.00323366349109 1.0
EDGE: 268 13 35 400 19.31597740386441 1.085628858109753 1.0
EDGE: 269 13 36 800 60.16090884360037 13.39736037999553 1.0
EDGE: 270 13 37 500 62.11438115859555 4.637960927522762 1.0
EDGE: 271 13 38 200 68.10342058807367 12.466755807332111 1.0
EDGE: 272 13 39 300 92.33342765042535 2.761985442382859 1.0
EDGE: 273 13 40 600 51.2837603091467 14.776018380179984 1.0
EDGE: 274 14 20 0 92.88876787650223 15.861669232281917 1.0
EDGE: 275 14 21 0 32.936608486727835 16.990535710139465 1.0
EDGE: 276 14 22 0 56.98566848734749 5.5489266633070375 1.0
EDGE: 277 14 23 0 29.42857406937021 12.880336498188365 1.0
EDGE: 278 14 24 0 28.726279104336367 15.745585201289018 1.0
EDGE: 279 14 25 0 29.28984900237366 14.292630786034186 1.0
EDGE: 280 14 26 0 66.00511716835629 7.2677125299056495 1.0
EDGE: 281 14 27 0 66.97546755467239 16.057884995975257 1.0
EDGE: 282 14 28 0 93.70056840800727 6.732147744934359 1.0
EDGE: 283 14 29 0 55.6139968637062 5.54427148473493 1.0
EDGE: 284 14 30 0 87.670212079822 17.3750809154615 1.0
EDGE: 285 14 31 0 55.5014653361819 8.325337503710621 1.0
EDGE: 286 14 32 0 62.55780192593118 18.122525656758338 1.0
EDGE: 287 14 33 0 57.598343924534326 14.17574136008056 1.0
EDGE: 288 14 34 0 78.91970864889048 2.0025254666052863 1.0
EDGE: 289 14 35 0 93.7873916108594 12.359892602231277 1.0
EDGE: 290 14 36 0 57.678617968720445 9.738941725678004 1.0
EDGE: 291 14 37 0 68.1501740831585 8.928346713608256 1.0
EDGE: 292 14 38 0 22.412329624458998 5.116663689094003 1.0
EDGE: 293 14 39 0 76.02007833505468 17.486793261868268 1.0
EDGE: 294 14 40 2600 62.4854305981578 13.458087378806063 1.0
EDGE: 295 15 20 0 20.069624797745437 19.652483315921796 1.0
EDGE: 296 15 21 0 52.53169798190592 18.30070214676973 1.0
EDGE: 297 15 22 0 55.18989235927756 10.162939749258074 1.0
EDGE: 298 15 23 0 86.29501214188711 9.115635074475001 1.0
EDGE: 299 15 24 0 86.41987330261068 18.35179411872568 1.0
EDGE: 300 15 25 0 85.33659871967978 7.6569924034524846 1.0
EDGE: 301 15 26 0 76.68356748258496 2.4565933124781387 1.0
EDGE: 302 15 27 0 35.61642371070282 19.281842075219856 1.0
EDGE: 303 15 28 0 63.59262137387088 11.973421496550865 1.0
EDGE: 304 15 29 0 77.45654339620984 12.330683511769378 1.0
EDGE: 305 15 30 0 67.07234612045018 11.023177580997217 1.0
EDGE: 306 15 31 0 56.89422599266025 14.40824715789101 1.0
EDGE: 307 15 32 0 92.06889809048154 14.444356141587594 1.0
EDGE: 308 15 33 0 58.932654170944495 1.1544658111619253 1.0
EDGE: 309 15 34 0 93.0954500321296 15.07717159331618 1.0
EDGE: 310 15 35 0 45.6970259798441 17.8454643661669 1.0
EDGE: 311 15 36 0 59.87517857900317 2.453874542646526 1.0
EDGE: 312 15 37 0 75.00385863233822 9.91441042346348 1.0
EDGE: 313 15 38 0 45.83884322715285 16.860096292592722 1.0
EDGE: 314 15 39 0 77.35132140631646 2.2320674352202614 1.0
EDGE: 315 15 40 3800 73.73481404823016 16.482074249715204 1.0
EDGE: 316 16 20 0 81.83839474223487 17.736900340776902 1.0
EDGE: 317 16 21 0 55.10931990799694 5.104595198055112 1.0
EDGE: 318 16 22 0 94.02067038988679 4.754568993807767 1.0
EDGE: 319 16 23 0 62.914763055398694 17.57450196947375 1.0
EDGE: 320 16 24 0 21.210625226094777 9.096658909654707 1.0
EDGE: 321 16 25 0 59.003898002928956 1.9946096768880344 1.0
EDGE: 322 16 26 0 63.23015342064359 14.77849355285589 1.0
EDGE: 323 16 27 0 90.76766222545184 3.3628729345985025 1.0
EDGE: 324 16 28 0 29.12318085508161 2.945866793236751 1.0
EDGE: 325 16 29 0 13.674533711719178 13.121646976297223 1.0
EDGE: 326 16 30 0 22.836177987666485 4.350544422103995 1.0
EDGE: 327 16 31 0 68.96916601537558 12.831889049588142 1.0
EDGE: 328 16 32 0 13.374390375216304 1.4643771790566116 1.0
EDGE: 329 16 33 0 68.28814298262722 3.9371422898020563 1.0
EDGE: 330 16 34 0 57.44156616476848 16.071864979487756 1.0
EDGE: 331 16 35 0 89.45065409478681 10.332145479157154 1.0
EDGE: 332 16 36 0 85.07104469280856 19.93102371163644 1.0
EDGE: 333 16 37 0 30.181929250109146 7.200914433073068 1.0
EDGE: 334 16 38 0 71.25597008226912 13.842391037359187 1.0
EDGE: 335 16 39 0 69.02719972496502 19.339134314419436 1.0
EDGE: 336 16 40 2800 89.08646782352335 17.21602015894304 1.0
EDGE: 337 17 20 0 55.21404090257404 9.925714987753373 1.0
EDGE: 338 17 21 0 32.40159852099233 18.97630067578968 1.0
EDGE: 339 17 22 0 11.720884296463922 2.4583409284701196 1.0
EDGE: 340 17 23 0 78.46388991121665 2.3944564842192646 1.0
EDGE: 341 17 24 0 88.30952025871208 9.317873036679405 1.0
EDGE: 342 17 25 0 13.664257981250275 9.188555455831743 1.0
EDGE: 343 17 26 0 33.77940773388395 10.176434012292837 1.0
EDGE: 344 17 27 0 67.7651484680784 3.9808863685545592 1.0
EDGE: 345 17 28 0 79.20158495608122 19.214030535864946 1.0
EDGE: 346 17 29 0 74.68969012190217 7.952534853032761 1.0
EDGE: 347 17 30 0 16.39002226044812 18.85854943255343 1.0
EDGE: 348 17 31 0 10.364691684544367 6.285011138830829 1.0
EDGE: 349 17 32 0 28.368202189369544 17.513974410372736 1.0
EDGE: 350 17 33 0 30.625255860907338 12.728767450226682 1.0
EDGE: 351 17 34 0 11.088764711947688 18.491668335963237 1.0
EDGE: 352 17 35 0 44.688895208366134 14.388453730797147 1.0
EDGE: 353 17 36 0 88.16399670202102 15.109560136315533 1.0
EDGE: 354 17 37 0 52.20688500054955 18.56475166999092 1.0
EDGE: 355 17 38 0 92.86502025711829 17.674087943040558 1.0
EDGE: 356 17 39 0 64.40070379222644 10.2426310393742 1.0
EDGE: 357 17 40 2400 44.14745296864138 8.8097311973786 1.0
EDGE: 358 18 20 0 72.29138324299164 13.565875248235583 1.0
EDGE: 359 18 21 0 65.96138198517679 13.350987437807891 1.0
EDGE: 360 18 22 0 97.52955690621312 18.38771545472141 1.0
EDGE: 361 18 23 0 21.60343906082674 17.761629461227486 1.0
EDGE: 362 18 24 0 23.834024847069124 12.737422548725576 1.0
EDGE: 363 18 25 0 57.36882446543012 10.796086830009447 1.0
EDGE: 364 18 26 0 99.54666335872008 5.792693369923475 1.0
EDGE: 365 18 27 0 32.261040797026496 3.8678025629255073 1.0
EDGE: 366 18 28 0 54.311465124487746 6.69768175122326 1.0
EDGE: 367 18 29 0 63.01720670165745 8.339398931409928 1.0
EDGE: 368 18 30 0 15.385557199997578 5.316515705660223 1.0
EDGE: 369 18 31 0 26.206710870306434 8.699503340724764 1.0
EDGE: 370 18 32 0 41.58996674045473 5.762141296174304 1.0
EDGE: 371 18 33 0 21.66106223647412 13.341075720223937 1.0
EDGE: 372 18 34 0 65.40798788197998 16.290343424641414 1.0
EDGE: 373 18 35 0 43.992721554623586 3.406081182669717 1.0
EDGE: 374 18 36 0 76.23893646598243 17.898781389939042 1.0
EDGE: 375 18 37 0 11.460729379305125 3.911350367725234 1.0
EDGE: 376 18 38 0 40.31510913512135 14.720885912391063 1.0
EDGE: 377 18 39 0 63.94094982335979 12.120472786747955 1.0
EDGE: 378 18 40 1600 65.28977439352121 8.0544601458862 1.0
EDGE: 379 19 20 200 74.25876053771323 16.876568556789447 1.0
EDGE: 380 19 21 600 80.00398466715014 6.614832082820231 1.0
EDGE: 381 19 22 600 39.64194861200856 5.360778603168129 1.0
EDGE: 382 19 23 500 32.440041650891686 19.35239393666592 1.0
EDGE: 383 19 24 100 72.55168374227719 10.491318860081426 1.0
EDGE: 384 19 25 400 11.36941269539911 19.924380012590554 1.0
EDGE: 385 19 26 500 82.64934646980709 9.927941238283628 1.0
EDGE: 386 19 27 800 79.70292850860562 9.660726719903948 1.0
EDGE: 387 19 28 200 74.15703791040659 5.3966507114436535 1.0
EDGE: 388 19 29 100 80.0510512078003 6.613851655970562 1.0
EDGE: 389 19 30 300 25.369565542029584 7.799511239375831 1.0
EDGE: 390 19 31 800 55.50204769100891 2.032201785614914 1.0
EDGE: 391 19 32 900 49.57575091597527 19.324394268149913 1.0
EDGE: 392 19 33 300 61.12586339855987 6.347411467801931 1.0
EDGE: 393 19 34 700 29.146834413613284 13.51951002800801 1.0
EDGE: 394 19 35 300 54.21152673970846 7.514917947083743 1.0
EDGE: 395 19 36 400 97.04981285556343 14.047564185773235 1.0
EDGE: 396 19 37 800 33.745874561333885 11.297870673202656 1.0
EDGE: 397 19 38 200 32.54352330675924 16.58438587668005 1.0
EDGE: 398 19 39 700 82.14143228634374 14.834186737855882 1.0
EDGE: 399 19 40 900 70.31526529842822 16.07686726577351 1.0
EDGE: 400 20 41 0 74.72124513377054 16.576589216694767 1.0
EDGE: 401 20 42 500 64.81579827974679 7.325063353467051 1.0
EDGE: 402 20 43 300 14.968485331015458 18.44547801590455 1.0
EDGE: 403 20 44 100 94.05050853185959 2.6032940156993893 1.0
EDGE: 404 20 45 300 86.04864312961271 18.784470719242577 1.0
EDGE: 405 20 46 0 29.584570957632824 19.7850866593249 1.0
EDGE: 406 20 47 100 71.612104406745 18.458464025808176 1.0
EDGE: 407 20 48 300 32.01991272032413 18.18681323274366 1.0
EDGE: 408 20 49 400 71.38494479210765 10.18405171725077 1.0
EDGE: 409 20 50 300 83.70178067520976 11.094856150257652 1.0
EDGE: 410 20 51 300 49.55574779621823 1.932153000593181 1.0
EDGE: 411 20 52 200 22.912749742203097 18.691152764889416 1.0
EDGE: 412 20 53 400 96.46624134049928 15.992682493862674 1.0
EDGE: 413 20 54 500 36.31196678743026 4.841959884640172 1.0
EDGE: 414 20 55 200 66.61359034008265 10.041119239732462 1.0
EDGE: 415 20 56 400 58.87743430473655 2.964680181067015 1.0
EDGE: 416 20 57 200 68.47215113905125 13.296805306561051 1.0
EDGE: 417 20 58 300 63.10917875650864 13.937598355402557 1.0
EDGE: 418 20 59 0 64.14248186317022 15.612826973640175 1.0
EDGE: 419 20 60 500 91.75107366662102 4.7673699020238836 1.0
EDGE: 420 21 41 300 99.33545673461559 7.087321658970544 1.0
EDGE: 421 21 42 200 80.78917506538461 18.479101133027132 1.0
EDGE: 422 21 43 100 96.69924823890057 19.536045325003048 1.0
EDGE: 423 21 44 500 81.98433602654485 11.44387278830368 1.0
EDGE: 424 21 45 400 57.997049998941186 6.916058101450874 1.0
EDGE: 425 21 46 300 76.69695320234119 8.108541789604361 1.0
EDGE: 426 21 47 500 13.14328614155055 14.540359604706513 1.0
EDGE: 427 21 48 200 35.26162751937724 8.842673038304502 1.0
EDGE: 428 21 49 300 66.60618470516923 8.673323340868189 1.0
EDGE: 429 21 50 200 88.66957651861182 3.3674402037483255 1.0
EDGE: 430 21 51 500 14.184472273509382 15.846775969573915 1.0
EDGE: 431 21 52 0 71.81658251387664 9.981340465394856 1.0
EDGE: 432 21 53 100 95.66604257348645 9.986557933593843 1.0
EDGE: 433 21 54 200 60.07432545161928 8.547565411547627 1.0
EDGE: 434 21 55 100 61.37639176138587 16.18941873411371 1.0
EDGE: 435 21 56 300 33.442870564680064 19.95787744628233 1.0
EDGE: 436 21 57 500 53.124626867533046 11.740080667000548 1.0
EDGE: 437 21 58 300 65.04216171445788 19.5378269708641 1.0
EDGE: 438 21 59 0 72.55488102710125 7.7083233090562135 1.0
EDGE: 439 21 60 200 23.200307278080274 3.608160399073835 1.0
EDGE: 440 22 41 100 52.41093861456467 15.215926391697682 1.0
EDGE: 441 22 42 0 48.89648868781271 1.1672623417139327 1.0
EDGE: 442 22 43 400 48.72186837016183 4.213320095166008 1.0
EDGE: 443 22 44 100 32.81628585539727 17.409471402635532 1.0
EDGE: 444 22 45 200 94.4164978107278 5.355779126653637 1.0
EDGE: 445 22 46 300 28.777246235794376 14.544118442437883 1.0
EDGE: 446 22 47 300 87.37453975375355 16.319014003843876 1.0
EDGE: 447 22 48 500 52.78251389124216 2.130127459987045 1.0
EDGE: 448 22 49 100 18.422156637820553 5.643996331935312 1.0
EDGE: 449 22 50 400 79.46030306531519 9.891024975122944 1.0
EDGE: 450 22 51 0 57.279819736374705 7.950860029201505 1.0
EDGE: 451 22 52 200 80.14707084937541 5.72520103548357 1.0
EDGE: 452 22 53 300 36.97023084307678 5.111731851799357 1.0
EDGE: 453 22 54 300 59.37216473391792 16.376263625545473 1.0
EDGE: 454 22 55 400 59.69415078520054 14.722325103897703 1.0
EDGE: 455 22 56 400 69.00177347566648 9.978335687933734 1.0
EDGE: 456 22 57 100 99.68193922368984 13.962146344813753 1.0
EDGE: 457 22 58 500 21.800000658817936 16.441130447976114 1.0
EDGE: 458 22 59 0 11.02859846382215 15.683153650742998 1.0
EDGE: 459 22 60 500 48.66485250091624 16.389655808725983 1.0
EDGE: 460 23 41 200 21.02017066209106 10.316717233697348 1.0
EDGE: 461 23 42 0 96.2969747044574 8.123390160797246 1.0
EDGE: 462 23 43 200 11.959261707239623 4.93871828557758 1.0
EDGE: 463 23 44 200 94.55894130409426 1.8097677753038977 1.0
EDGE: 464 23 45 0 56.997541831609325 15.582637840922088 1.0
EDGE: 465 23 46 100 65.2828934301684 17.876827307569112 1.0
EDGE: 466 23 47 200 17.98299958349805 6.640469969086637 1.0
EDGE: 467 23 48 100 16.78438122985709 19.31985719150444 1.0
EDGE: 468 23 49 500 85.82978781730336 3.9413134959346516 1.0
EDGE: 469 23 50 500 30.84016462187067 16.38688904578639 1.0
EDGE: 470 23 51 400 26.41846582478678 4.8474781229641 1.0
EDGE: 471 23 52 300 71.38784154869026 16.857879241977557 1.0
EDGE: 472 23 53 400 47.53444743048866 16.457950225605522 1.0
EDGE: 473 23 54 200 56.70507348387816 12.882421969862747 1.0
EDGE: 474 23 55 300 14.852465209599515 6.759067646915245 1.0
EDGE: 475 23 56 400 39.32624131918166 10.090841736003963 1.0
EDGE: 476 23 57 400 67.47487741512371 14.31223645258859 1.0
EDGE: 477 23 58 0 90.45435570369511 14.443502826782455 1.0
EDGE: 478 23 59 200 36.03160832662616 1.8185464662518005 1.0
EDGE: 479 23 60 100 48.12599125733686 11.033184379736912 1.0
EDGE: 480 24 41 300 38.84956403009966 12.650118409396446 1.0
EDGE: 481 24 42 400 30.88710963459332 11.80536354910198 1.0
EDGE: 482 24 43 400 64.19929355412353 16.188030546570065 1.0
EDGE: 483 24 44 100 31.237548236861667 6.911248755987766 1.0
EDGE: 484 24 45 0 59.12676084118041 10.556672240973022 1.0
EDGE: 485 24 46 200 75.60199596344701 1.1584093312524137 1.0
EDGE: 486 24 47 200 87.87798876212227 6.094359155899437 1.0
EDGE: 487 24 48 500 30.085281749859718 17.773843683069337 1.0
EDGE: 488 24 49 500 55.42442791215969 11.650065859273024 1.0
EDGE: 489 24 50 200 43.76976308530416 13.444330173825795 1.0
EDGE: 490 24 51 0 44.096834865694646 17.54610561207954 1.0
EDGE: 491 24 52 200 33.81265165739275 14.348904961769854 1.0
EDGE: 492 24 53 300 83.83549050014598 11.79661663697256 1.0
EDGE: 493 24 54 100 59.10107873867833 8.648308302382812 1.0
EDGE: 494 24 55 200 89.06455982989468 13.92168195819458 1.0
EDGE: 495 24 56 500 31.72270058266487 9.646247670164067 1.0
EDGE: 496 24 57 0 87.6984085377959 1.4469428168954113 1.0
EDGE: 497 24 58 400 28.00968064205439 5.587315373657599 1.0
EDGE: 498 24 59 300 80.28769843250488 7.928536292015618 1.0
EDGE: 499 24 60 100 53.41384820633803 10.806411430944662 1.0
EDGE: 500 25 41 200 59.81305489083943 11.09320877871606 1.0
EDGE: 501 25 42 500 27.970834732219465 19.694508104382503 1.0
EDGE: 502 25 43 500 25.13413588950057 13.433445439110468 1.0
EDGE: 503 25 44 500 61.611020321039135 11.695603605910021 1.0
EDGE: 504 25 45 500 23.601909766971772 19.347462322646003 1.0
EDGE: 505 25 46 100 31.075104357180475 8.299713404387854 1.0
EDGE: 506 25 47 400 10.841953215007202 16.66389971371734 1.0
EDGE: 507 25 48 300 12.692070400266676 16.74672980053102 1.0
EDGE: 508 25 49 500 58.21657462887288 18.14106835849536 1.0
EDGE: 509 25 50 0 87.77743645863863 3.9060102335893463 1.0
EDGE: 510 25 51 200 20.973593761766246 14.280582740164023 1.0
EDGE: 511 25 52 100 39.90951580992149 10.546523428162422 1.0
EDGE: 512 25 53 200 52.58957677760808 16.545234611717802 1.0
EDGE: 513 25 54 500 25.84156541457304 7.962405210081364 1.0
EDGE: 514 25 55 0 43.31533551940767 13.820943645172935 1.0
EDGE: 515 25 56 300 84.3076014029542 15.668766548042196 1.0
EDGE: 516 25 57 400 43.43151489782856 11.712631186732178 1.0
EDGE: 517 25 58 0 59.47970839039549 15.632597297822208 1.0
EDGE: 518 25 59 0 64.22207788770831 6.013863744467541 1.0
EDGE: 519 25 60 0 98.33465361675572 1.2536057992265692 1.0
EDGE: 520 26 41 500 12.173492591143791 12.440104129081902 1.0
EDGE: 521 26 42 200 13.687599807886613 10.059844739087158 1.0
EDGE: 522 26 43 400 84.40744493649309 13.465419280851467 1.0
EDGE: 523 26 44 400 57.15076865918684 12.832960457679146 1.0
EDGE: 524 26 45 500 85.85488348356235 10.85248426048138 1.0
EDGE: 525 26 46 400 88.77482000491221 11.627916536560443 1.0
EDGE: 526 26 47 100 21.179199117208455 16.215732144781548 1.0
EDGE: 527 26 48 0 92.63079924397798 19.902025872417866 1.0
EDGE: 528 26 49 200 16.95638834441818 6.7074857658692375 1.0
EDGE: 529 26 50 500 60.09044289635325 1.7181450477067894 1.0
EDGE: 530 26 51 200 82.11995805009356 10.666920893244495 1.0
EDGE: 531 26 52 0 75.06265663930503 3.7368684585718897 1.0
EDGE: 532 26 53 100 57.17843182599233 17.82170316769128 1.0
EDGE: 533 26 54 500 17.94399526017479 15.4625673756128 1.0
EDGE: 534 26 55 100 35.21324322069592 2.38214088361577 1.0
EDGE: 535 26 56 200 37.540928700093815 9.958118051350757 1.0
EDGE: 536 26 57 200 30.164841826888512 10.117699184678482 1.0
EDGE: 537 26 58 100 82.72173234249941 13.993163342154936 1.0
EDGE: 538 26 59 400 30.41481968204422 18.255719892747006 1.0
EDGE: 539 26 60 200 48.05580382576911 4.340750118191109 1.0
EDGE: 540 27 41 300 68.17186445279066 3.7921872972679456 1.0
EDGE: 541 27 42 300 40.198215700088056 1.6871867875903188 1.0
EDGE: 542 27 43 200 47.66936766616552 14.554388230354787 1.0
EDGE: 543 27 44 0 24.27731894835938 16.369964482449472 1.0
EDGE: 544 27 45 500 87.6824817175419 4.105306896251222 1.0
EDGE: 545 27 46 200 22.043215408452454 17.908588356277 1.0
EDGE: 546 27 47 500 86.3724519067821 13.329600373929171 1.0
EDGE: 547 27 48 200 76.03490539941902 10.043156170249128 1.0
EDGE: 548 27 49 500 28.966038019515416 13.290995119920037 1.0
EDGE: 549 27 50 400 26.52391987179303 12.745535855648006 1.0
EDGE: 550 27 51 100 61.277810801412365 1.700953362920023 1.0
EDGE: 551 27 52 300 70.49226014841074 4.417979937652425 1.0
EDGE: 552 27 53 0 94.58318947487427 19.08844872634086 1.0
EDGE: 553 27 54 500 34.40245256420972 15.244024402582466 1.0
EDGE: 554 27 55 400 79.84995937790524 2.5106961481989485 1.0
EDGE: 555 27 56 100 85.01752028432368 16.40651116781809 1.0
EDGE: 556 27 57 0 41.83616068501863 7.394681804760634 1.0
EDGE: 557 27 58 300 45.02871112488779 14.63758442615258 1.0
EDGE: 558 27 59 0 66.06209466602013 2.849333718944665 1.0
EDGE: 559 27 60 200 82.74875616322885 6.315497051019237 1.0
EDGE: 560 28 41 100 94.16430826766793 8.538177768972336 1.0
EDGE: 561 28 42 100 77.62851338455675 1.073079174645604 1.0
EDGE: 562 28 43 500 35.63932962559004 15.952325582268664 1.0
EDGE: 563 28 44 100 25.85477182238404 6.632703002158157 1.0
EDGE: 564 28 45 100 96.48500523317544 15.673633226102785 1.0
EDGE: 565 28 46 0 92.7870563581926 4.332598663351368 1.0
EDGE: 566 28 47 100 77.74722143310298 19.96787817089815 1.0
EDGE: 567 28 48 100 21.49122540138056 6.55935360797269 1.0
EDGE: 568 28 49 500 19.479836147791296 12.797797259848558 1.0
EDGE: 569 28 50 0 59.12768887451569 7.051447939699865 1.0
EDGE: 570 28 51 0 88.1256323481803 11.095828772378646 1.0
EDGE: 571 28 52 500 95.45205012431671 19.78866569739673 1.0
EDGE: 572 28 53 400 57.82610241332186 7.886403155378259 1.0
EDGE: 573 28 54 400 30.18599180731392 7.932225843601076 1.0
EDGE: 574 28 55 500 18.66788225626418 9.597626217554481 1.0
EDGE: 575 28 56 100 88.51620467674486 3.030477074100567 1.0
EDGE: 576 28 57 400 97.3736396748422 4.652195821804969 1.0
EDGE: 577 28 58 0 96.47918535460667 16.45500091635548 1.0
EDGE: 578 28 59 300 58.44523110899291 9.177402807446914 1.0
EDGE: 579 28 60 400 80.48971743812265 14.781967089063247 1.0
EDGE: 580 29 41 100 36.2669507092227 17.424049674470613 1.0
EDGE: 581 29 42 500 77.7708264852754 7.583580352865351 1.0
EDGE: 582 29 43 400 71.1766624285172 12.234141583799797 1.0
EDGE: 583 29 44 200 36.94305608572422 15.844472025958645 1.0
EDGE: 584 29 45 0 15.012649100604406 5.647183913532875 1.0
EDGE: 585 29 46 100 80.53083745684853 16.967869590609332 1.0
EDGE: 586 29 47 0 44.14398195735443 8.484936819877332 1.0
EDGE: 587 29 48 300 73.64380714730967 5.086394308427965 1.0
EDGE: 588 29 49 200 60.49221705558406 3.5044688286081644 1.0
EDGE: 589 29 50 200 75.59084193511157 6.142330321236953 1.0
EDGE: 590 29 51 100 63.552237488751565 1.4593487224411024 1.0
EDGE: 591 29 52 100 33.68466483200049 5.952205104555634 1.0
EDGE: 592 29 53 400 88.92006595872066 17.158828367228864 1.0
EDGE: 593 29 54 100 70.99480536278145 1.220529705170577 1.0
EDGE: 594 29 55 0 41.33543506712306 16.36485022149096 1.0
EDGE: 595 29 56 100 42.30673651543582 8.217539903865443 1.0
EDGE: 596 29 57 100 42.74693520763297 3.1167331631125332 1.0
EDGE: 597 29 58 200 25.04500170546912 1.5857829126301524 1.0
EDGE: 598 29 59 100 48.407581733415284 3.8233696699175654 1.0
EDGE: 599 29 60 200 14.418149456507496 7.490390888984826 1.0
EDGE: 600 30 41 100 26.50856562522388 13.212790111367422 1.0
EDGE: 601 30 42 500 84.54327774118384 10.077890548252189 1.0
EDGE: 602 30 43 100 39.359036710486606 9.978926197162872 1.0
EDGE: 603 30 44 200 49.8079956260481 18.95838746675435 1.0
EDGE: 604 30 45 200 36.61971919812272 2.7154258009747076 1.0
EDGE: 605 30 46 0 23.227645068230284 4.175970251497761 1.0
EDGE: 606 30 47 400 93.5981703579509 14.476358990937884 1.0
EDGE: 607 30 48 400 51.05555630942573 17.882178407080367 1.0
EDGE: 608 30 49 100 50.113494849926546 14.053659982399614 1.0
EDGE: 609 30 50 400 85.40417367996079 9.677379783189968 1.0
EDGE: 610 30 51 100 47.93833961366366 15.811149516070389 1.0
EDGE: 611 30 52 100 49.13486347998719 6.334898177524032 1.0
EDGE: 612 30 53 0 67.32595835415123 4.664977988676361 1.0
EDGE: 613 30 54 300 39.77420118797995 1.372735986572799 1.0
EDGE: 614 30 55 400 95.63017925129866 12.550339360142317 1.0
EDGE: 615 30 56 200 21.714566427393642 6.687736584365831 1.0
EDGE: 616 30 57 500 63.526084375235605 12.464292908499932 1.0
EDGE: 617 30 58 200 88.45685299993576 1.2170280657200665 1.0
EDGE: 618 30 59 400 56.839198895731215 3.924540733135063 1.0
EDGE: 619 30 60 300 59.15310297029636 10.341595440627122 1.0
EDGE: 620 31 41 0 74.49102069588251 3.434003315326947 1.0
EDGE: 621 31 42 400 76.20688216907675 3.4968207929024433 1.0
EDGE: 622 31 43 200 65.56869585451184 19.291038913277582 1.0
EDGE: 623 31 44 0 23.18920140489066 5.2048408962715085 1.0
EDGE: 624 31 45 400 11.026647138094129 18.83514499531426 1.0
EDGE: 625 31 46 100 14.827810810664158 2.4935571295017125 1.0
EDGE: 626 31 47 200 18.02797907156466 14.967993292465778 1.0
EDGE: 627 31 48 0 93.32766960345141 15.417151855269177 1.0
EDGE: 628 31 49 200 57.43346337606694 4.539635116923995 1.0
EDGE: 629 31 50 500 77.78039387235891 18.14294851090659 1.0
EDGE: 630 31 51 300 77.44591292028966 8.939726404175786 1.0
EDGE: 631 31 52 0 85.92052289537367 10.819458392399877 1.0
EDGE: 632 31 53 400 78.91777814830344 15.983610682488367 1.0
EDGE: 633 31 54 200 19.986387153672844 15.190463978711632 1.0
EDGE: 634 31 55 400 30.32975602563568 6.9331104184603 1.0
EDGE: 635 31 56 300 20.943407144821894 18.669975973796763 1.0
EDGE: 636 31 57 100 62.94822467937442 10.241861969539485 1.0
EDGE: 637 31 58 400 47.82763231497662 10.342910657484575 1.0
EDGE: 638 31 59 500 59.16933601883132 14.36504671563592 1.0
EDGE: 639 31 60 100 91.46733781210779 10.106333924059827 1.0
EDGE: 640 32 41 400 19.557564089853017 13.723356573512163 1.0
EDGE: 641 32 42 0 34.34046222882598 15.916108265761643 1.0
EDGE: 642 32 43 400 96.58651663887744 10.661038397100537 1.0
EDGE: 643 32 44 100 80.82575701045329 7.8537960165233835 1.0
EDGE: 644 32 45 100 15.589835132466835 9.987862120798484 1.0
EDGE: 645 32 46 500 94.6053951576501 19.47865582097749 1.0
EDGE: 646 32 47 300 55.92999137896624 9.444857290452067 1.0
EDGE: 647 32 48 0 72.47689849985512 6.679576442581393 1.0
EDGE: 648 32 49 200 27.89278386979491 13.183657884443027 1.0
EDGE: 649 32 50 0 46.33217073143023 8.991796342332016 1.0
EDGE: 650 32 51 100 83.31537216187081 5.099304174859257 1.0
EDGE: 651 32 52 400 67.56146397081199 1.093247904166839 1.0
EDGE: 652 32 53 0 20.455622243824084 13.606342238969226 1.0
EDGE: 653 32 54 200 50.64007609284522 14.94537119949322 1.0
EDGE: 654 32 55 0 66.1106166302018 5.1980637838559325 1.0
EDGE: 655 32 56 100 85.1556139706758 15.79324480216688 1.0
EDGE: 656 32 57 0 20.492106820185377 13.87873524653173 1.0
EDGE: 657 32 58 200 48.03359774915297 7.98986991113837 1.0
EDGE: 658 32 59 200 62.866746442321165 6.308652179021121 1.0
EDGE: 659 32 60 300 70.21927011986568 15.359459680480308 1.0
EDGE: 660 33 41 300 58.46890619111468 13.251871419758679 1.0
EDGE: 661 33 42 400 14.573372979270392 3.564572420551845 1.0
EDGE: 662 33 43 500 79.69388004324182 17.66645748547228 1.0
EDGE: 663 33 44 0 14.2397373351239 6.691933350400458 1.0
EDGE: 664 33 45 200 17.079303305243016 6.527090164018539 1.0
EDGE: 665 33 46 300 93.24247767642555 3.021789086037798 1.0
EDGE: 666 33 47 500 48.082591309901495 9.219877528197433 1.0
EDGE: 667 33 48 100 63.57062527269408 1.6956385537624987 1.0
EDGE: 668 33 49 0 64.16220523157406 7.099217245743027 1.0
EDGE: 669 33 50 500 15.507990947231377 8.747186919704106 1.0
EDGE: 670 33 51 300 49.17056926037756 2.5465482821018446 1.0
EDGE: 671 33 52 300 30.46608843743681 1.7113581557823625 1.0
EDGE: 672 33 53 200 94.56644895826071 8.620841108953979 1.0
EDGE: 673 33 54 200 18.07790955737687 8.776219769746497 1.0
EDGE: 674 33 55 300 19.45458754422194 10.140665259184706 1.0
EDGE: 675 33 56 100 61.810385628435135 13.192656310415932 1.0
EDGE: 676 33 57 100 25.960444129867994 8.787682482822806 1.0
EDGE: 677 33 58 0 59.85334315705335 16.406641070517203 1.0
EDGE: 678 33 59 0 62.94780181882699 3.5714033537260645 1.0
EDGE: 679 33 60 500 80.54274061617892 9.128943022921595 1.0
EDGE: 680 34 41 0 93.58711316053949 9.745058554311845 1.0
EDGE: 681 34 42 300 84.07604594195298 3.307119969849616 1.0
EDGE: 682 34 43 400 64.78234215476206 15.01242396216251 1.0
EDGE: 683 34 44 500 24.77752081513445 16.71463479928577 1.0
EDGE: 684 34 45 100 18.964149510187053 4.615440148726199 1.0
EDGE: 685 34 46 0 20.67125189277911 1.6219454034866698 1.0
EDGE: 686 34 47 500 91.25722796272298 1.6424816934613495 1.0
EDGE: 687 34 48 100 29.619731940042637 17.764405295387032 1.0
EDGE: 688 34 49 400 67.52958138321115 16.647102625981315 1.0
EDGE: 689 34 50 500 23.785811581611735 4.571825336225446 1.0
EDGE: 690 34 51 500 91.33159404270617 14.417121468526247 1.0
EDGE: 691 34 52 300 56.67581724655728 13.37453318551148 1.0
EDGE: 692 34 53 300 80.23266029576685 10.48387091726931 1.0
EDGE: 693 34 54 400 89.52166340218832 17.050781311339076 1.0
EDGE: 694 34 55 300 24.563229767064307 15.711470397026256 1.0
EDGE: 695 34 56 0 96.25977007340295 15.330341729339072 1.0
EDGE: 696 34 57 500 34.07004970114252 8.055957428074809 1.0
EDGE: 697 34 58 300 88.86459295599471 18.71913448612809 1.0
EDGE: 698 34 59 100 10.49242536247293 1.3341231575990333 1.0
EDGE: 699 34 60 400 87.29457242654509 11.759732443938475 1.0
EDGE: 700 35 41 300 16.56732775484822 19.591896346566056 1.0
EDGE: 701 35 42 100 80.80833356779395 1.0925866926269918 1.0
EDGE: 702 35 43 300 94.47113400798773 18.41212102298918 1.0
EDGE: 703 35 44 300 49.908928089416584 11.53281415481975 1.0
EDGE: 704 35 45 300 19.205820983220207 8.251567703992857 1.0
EDGE: 705 35 46 0 50.67394691033815 12.12739524941679 1.0
EDGE: 706 35 47 0 34.93745041974432 12.647025521049015 1.0
EDGE: 707 35 48 500 25.72931372852947 5.907622471408729 1.0
EDGE: 708 35 49 300 44.794715881913675 11.880318123581846 1.0
EDGE: 709 35 50 400 18.624547440727312 8.801641382982417 1.0
EDGE: 710 35 51 300 57.13539720512156 8.442084608186242 1.0
EDGE: 711 35 52 0 50.86735268833786 8.921936340311573 1.0
EDGE: 712 35 53 0 33.7885188522701 13.384174435781265 1.0
EDGE: 713 35 54 100 23.375308287055617 2.1925921170540636 1.0
EDGE: 714 35 55 300 98.28002770354749 4.4004934786740195 1.0
EDGE: 715 35 56 100 26.602485323813855 15.03118700485549 1.0
EDGE: 716 35 57 100 14.549806137513398 6.226151150782452 1.0
EDGE: 717 35 58 0 26.098809605600206 10.550154639005148 1.0
EDGE: 718 35 59 500 19.167831232350622 11.694748452652076 1.0
EDGE: 719 35 60 300 72.75996604558814 16.492459229344547 1.0
EDGE: 720 36 41 100 72.557288569208 17.54365164675702 1.0
EDGE: 721 36 42 0 49.525679117133585 19.86642894730926 1.0
EDGE: 722 36 43 500 17.232464206985597 16.80709549999022 1.0
EDGE: 723 36 44 300 58.78416226722166 13.994590308910853 1.0
EDGE: 724 36 45 400 93.55920386447194 3.3869617997604564 1.0
EDGE: 725 36 46 300 57.240556338315244 18.441348446100736 1.0
EDGE: 726 36 47 500 26.04578768961754 11.141071559720816 1.0
EDGE: 727 36 48 0 67.50717201841489 11.034357097249874 1.0
EDGE: 728 36 49 400 45.671996911361745 5.5788410099382055 1.0
EDGE: 729 36 50 300 68.17335301552049 19.944418254550087 1.0
EDGE: 730 36 51 500 36.26421337772228 2.0041402122116283 1.0
EDGE: 731 36 52 400 36.61275016587081 1.5387625186835194 1.0
EDGE: 732 36 53 300 35.4243383338484 9.695201988811343 1.0
EDGE: 733 36 54 500 11.285852005898208 8.47254571017401 1.0
EDGE: 734 36 55 200 33.020370773194855 14.461420713151721 1.0
EDGE: 735 36 56 500 62.79555195899086 17.233412646205917 1.0
EDGE: 736 36 57 500 92.7464350682786 7.666888792230961 1.0
EDGE: 737 36 58 500 85.45359565534304 5.103965472617532 1.0
EDGE: 738 36 59 100 44.760080109264806 17.560511663399797 1.0
EDGE: 739 36 60 200 63.61568518322459 16.25698703517155 1.0
EDGE: 740 37 41 0 89.90466580838195 8.502545879388615 1.0
EDGE: 741 37 42 100 49.54309787154716 18.448255972004574 1.0
EDGE: 742 37 43 300 78.52463975239723 12.427406625035308 1.0
EDGE: 743 37 44 500 12.048575614938912 2.5218044360412017 1.0
EDGE: 744 37 45 500 19.38152455501772 6.632582020030743 1.0
EDGE: 745 37 46 300 97.6843631283249 2.6924544214695274 1.0
EDGE: 746 37 47 400 76.67842606752329 6.733505788882278 1.0
EDGE: 747 37 48 0 68.73014376614995 5.320483178380531 1.0
EDGE: 748 37 49 100 45.70087428231777 12.37422692646152 1.0
EDGE: 749 37 50 400 34.73872916501705 3.643260059914544 1.0
EDGE: 750 37 51 300 30.081807758256243 18.033719588235904 1.0
EDGE: 751 37 52 100 26.897298954088 4.678692403963474 1.0
EDGE: 752 37 53 200 16.198519437405217 2.01768301687174 1.0
EDGE: 753 37 54 400 36.96200454722743 8.265334826459597 1.0
EDGE: 754 37 55 400 22.70936998822807 1.475666382207471 1.0
EDGE: 755 37 56 300 95.02374063731159 1.95399712176209 1.0
EDGE: 756 37 57 0 95.73808587430021 6.033370752822342 1.0
EDGE: 757 37 58 100 72.86292858153456 1.2156967950712596 1.0
EDGE: 758 37 59 400 72.71345029520273 15.379965482736743 1.0
EDGE: 759 37 60 400 92.1510730533412 17.18080203945897 1.0
EDGE: 760 38 41 400 50.372211574774376 2.9002665599553645 1.0
EDGE: 761 38 42 400 99.25695291362592 9.874206794053308 1.0
EDGE: 762 38 43 300 84.93299233293673 7.191620570635878 1.0
EDGE: 763 38 44 200 70.91523248726 3.661382421916613 1.0
EDGE: 764 38 45 100 14.949055532228543 8.055335172225774 1.0
EDGE: 765 38 46 200 87.51531463500345 14.37014948444843 1.0
EDGE: 766 38 47 100 49.84770335918951 8.302501569643526 1.0
EDGE: 767 38 48 300 73.2682372295659 12.30301315992521 1.0
EDGE: 768 38 49 300 89.6641241280415 6.464055408726879 1.0
EDGE: 769 38 50 0 15.009441801947748 17.104907623301745 1.0
EDGE: 770 38 51 500 83.97753491589914 6.2449149276559766 1.0
EDGE: 771 38 52 200 53.89522334290035 7.2011902452266 1.0
EDGE: 772 38 53 300 70.55738750774749 4.312042072769 1.0
EDGE: 773 38 54 100 46.750655827471626 15.27073078583544 1.0
EDGE: 774 38 55 500 86.72746859661237 16.756272922212638 1.0
EDGE: 775 38 56 400 16.326831281223164 6.968944227131279 1.0
EDGE: 776 38 57 300 78.95573088404336 19.317757036720792 1.0
EDGE: 777 38 58 200 52.22520226221882 18.865597555607263 1.0
EDGE: 778 38 59 500 48.67761293613929 4.214851939402692 1.0
EDGE: 779 38 60 300 46.74686490681919 10.312252020974844 1.0
EDGE: 780 39 41 300 64.86071729729653 19.16631729847002 1.0
EDGE: 781 39 42 400 32.42457308393388 9.704170191725717 1.0
EDGE: 782 39 43 200 66.31862013961204 1.9466480782936844 1.0
EDGE: 783 39 44 200 20.495298677541648 19.351537583824847 1.0
EDGE: 784 39 45 200 29.28164641085182 7.564397319844089 1.0
EDGE: 785 39 46 100 62.07116542250441 2.924845029025608 1.0
EDGE: 786 39 47 500 18.232408569350095 4.903325126246056 1.0
EDGE: 787 39 48 0 16.26656393741014 18.18926896017263 1.0
EDGE: 788 39 49 400 20.51393683377977 1.4162226742087791 1.0
EDGE: 789 39 50 200 62.03923581688803 11.492897054032635 1.0
EDGE: 790 39 51 200 27.718199706711523 5.21125476355251 1.0
EDGE: 791 39 52 200 43.00318069523617 11.223647309218247 1.0
EDGE: 792 39 53 400 39.36283130051396 3.6206591085150235 1.0
EDGE: 793 39 54 100 76.97116944993944 18.199714551447133 1.0
EDGE: 794 39 55 100 46.863875623900405 9.091654801404516 1.0
EDGE: 795 39 56 200 24.48467923543943 16.708394000872765 1.0
EDGE: 796 39 57 500 78.31238380369005 18.989395179500338 1.0
EDGE: 797 39 58 400 23.089071737212457 2.6581304745153984 1.0
EDGE: 798 39 59 200 47.06262947308818 6.651815968596867 1.0
EDGE: 799 39 60 200 86.61183368927894 6.058624030912385 1.0
EDGE: 800 40 41 300 69.63979774706849 8.786217189995636 1.0
EDGE: 801 40 42 100 31.201658800408 13.793848982117275 1.0
EDGE: 802 40 43 200 50.974948555431645 18.047425882193192 1.0
EDGE: 803 40 44 0 22.386228353619142 7.40282118543675 1.0
EDGE: 804 40 45 300 57.475046051658936 2.3873808137293824 1.0
EDGE: 805 40 46 400 79.90646895369261 12.332961904811857 1.0
EDGE: 806 40 47 400 50.93590381844991 16.515985813760455 1.0
EDGE: 807 40 48 100 49.58511585354329 2.880900373845281 1.0
EDGE: 808 40 49 300 98.80581814204723 14.563073321504758 1.0
EDGE: 809 40 50 100 43.9873864857079 5.785560377599421 1.0
EDGE: 810 40 51 500 38.80774242899902 3.781321242099654 1.0
EDGE: 811 40 52 500 26.131594641456665 9.188369163019132 1.0
EDGE: 812 40 53 500 28.427773025805223 5.879971646507957 1.0
EDGE: 813 40 54 200 23.00747706671913 10.425442347204807 1.0
EDGE: 814 40 55 0 12.277805550068459 19.32918633403374 1.0
EDGE: 815 40 56 500 48.16010247991826 8.866578178753524 1.0
EDGE: 816 40 57 0 32.84011522978961 9.72489331596601 1.0
EDGE: 817 40 58 0 95.09712472261849 1.76591128236816 1.0
EDGE: 818 40 59 0 92.6017505342799 17.053960229837337 1.0
EDGE: 819 40 60 300 45.77721987323065 7.839068726541292 1.0
EOF
