NAME : null
NBR_NODES: 50
NBR_EDGES: 400
T: 173.98568517333047
# NODE: i x_i y_i b_i g_i s_i
# x_i, y_i : x, y of node i
# b_i : demand of node_i, <0 for depot, >0 for client, =0 for platforms
# g_i : cost for using node i, >0 only for platforms
# s_i : time for crossing node _i, >0 only for platforms
NODE: 1 10 10 -10 0.0 0.0
NODE: 2 10 20 -20 0.0 0.0
NODE: 3 10 30 -8 0.0 0.0
NODE: 4 10 40 -19 0.0 0.0
NODE: 5 10 50 -21 0.0 0.0
NODE: 6 10 60 -22 0.0 0.0
NODE: 7 10 70 -13 0.0 0.0
NODE: 8 10 80 -22 0.0 0.0
NODE: 9 10 90 -21 0.0 0.0
NODE: 10 10 100 -8 0.0 0.0
NODE: 11 10 110 -17 0.0 0.0
NODE: 12 10 120 -9 0.0 0.0
NODE: 13 10 130 -12 0.0 0.0
NODE: 14 10 140 -11 0.0 0.0
NODE: 15 10 150 -21 0.0 0.0
NODE: 16 50 10 0 30.468803762335554 1.0
NODE: 17 50 20 0 30.948392799583413 1.0
NODE: 18 50 30 0 38.16104517949111 1.0
NODE: 19 50 40 0 58.562538835784025 1.0
NODE: 20 50 50 0 39.73380769954463 1.0
NODE: 21 50 60 0 56.79893566235843 1.0
NODE: 22 50 70 0 63.077993129191654 1.0
NODE: 23 50 80 0 48.83809667808999 1.0
NODE: 24 50 90 0 21.175920275809375 1.0
NODE: 25 50 100 0 83.6684049283837 1.0
NODE: 26 100 10 11 0.0 0.0
NODE: 27 100 20 5 0.0 0.0
NODE: 28 100 30 12 0.0 0.0
NODE: 29 100 40 8 0.0 0.0
NODE: 30 100 50 11 0.0 0.0
NODE: 31 100 60 11 0.0 0.0
NODE: 32 100 70 11 0.0 0.0
NODE: 33 100 80 12 0.0 0.0
NODE: 34 100 90 14 0.0 0.0
NODE: 35 100 100 10 0.0 0.0
NODE: 36 100 110 14 0.0 0.0
NODE: 37 100 120 7 0.0 0.0
NODE: 38 100 130 11 0.0 0.0
NODE: 39 100 140 9 0.0 0.0
NODE: 40 100 150 6 0.0 0.0
NODE: 41 100 160 10 0.0 0.0
NODE: 42 100 170 10 0.0 0.0
NODE: 43 100 180 5 0.0 0.0
NODE: 44 100 190 8 0.0 0.0
NODE: 45 100 200 12 0.0 0.0
NODE: 46 100 210 8 0.0 0.0
NODE: 47 100 220 7 0.0 0.0
NODE: 48 100 230 10 0.0 0.0
NODE: 49 100 240 5 0.0 0.0
NODE: 50 100 250 7 0.0 0.0
# EDGE: k i j u_ij c_ij h_ij t_ij
# i : starting node of edge k
# j : ending node of edge k
# u_ij : capacity of edge (i,j)
# c_ij : fixed cost for the use of (i,j)
# h_ij : unit cost for (i,j)
# t_ij : delivery time for (i,j)
EDGE: 1 1 16 400 95.690988727048 17.781644285503162 1.0
EDGE: 2 1 17 400 46.0347587806995 8.619885734034332 1.0
EDGE: 3 1 18 900 87.63860047460108 3.4597581006902103 1.0
EDGE: 4 1 19 900 73.68500275363601 14.034386596953208 1.0
EDGE: 5 1 20 400 73.17002714942457 2.3777348574787602 1.0
EDGE: 6 1 21 800 25.775885985584416 10.605732373372872 1.0
EDGE: 7 1 22 100 54.667052861945216 2.799915723354117 1.0
EDGE: 8 1 23 700 31.786654417765977 5.2411169008407805 1.0
EDGE: 9 1 24 500 67.54431394244698 4.544427350193404 1.0
EDGE: 10 1 25 100 95.66358695706874 10.519149870858561 1.0
EDGE: 11 2 16 1700 54.39652975523353 6.818643049823686 1.0
EDGE: 12 2 17 1000 87.31497523280781 9.654926627459208 1.0
EDGE: 13 2 18 800 80.4524932967836 5.03163929836603 1.0
EDGE: 14 2 19 1500 77.69796274938689 19.0963858082739 1.0
EDGE: 15 2 20 1900 23.031153654881315 18.32972992480846 1.0
EDGE: 16 2 21 700 26.442672239006512 16.3730499594145 1.0
EDGE: 17 2 22 200 50.19506909680053 3.3511816441859352 1.0
EDGE: 18 2 23 300 13.458841141536855 18.568237248226627 1.0
EDGE: 19 2 24 1500 76.29656755739101 8.44619824544637 1.0
EDGE: 20 2 25 1500 68.47031421998221 12.535841528654856 1.0
EDGE: 21 3 16 0 94.61191944668309 15.358269591646161 1.0
EDGE: 22 3 17 0 24.92273192640435 12.732775536643363 1.0
EDGE: 23 3 18 0 69.7588333963212 3.112982510265444 1.0
EDGE: 24 3 19 0 27.209674343281794 14.288168666311298 1.0
EDGE: 25 3 20 0 75.09259931045783 13.610378831087095 1.0
EDGE: 26 3 21 0 92.6626026679335 12.68041283027697 1.0
EDGE: 27 3 22 0 32.77616184777632 3.16696232094372 1.0
EDGE: 28 3 23 0 32.249923108552736 19.143153375750256 1.0
EDGE: 29 3 24 0 56.719480216229584 10.00344557677899 1.0
EDGE: 30 3 25 1600 66.43044743370191 5.671313322009251 1.0
EDGE: 31 4 16 700 81.08344198446146 13.424329991104608 1.0
EDGE: 32 4 17 200 65.10660521866566 3.248253128638684 1.0
EDGE: 33 4 18 800 89.54368209763236 5.185411125348534 1.0
EDGE: 34 4 19 800 43.122685383274025 11.665148456143825 1.0
EDGE: 35 4 20 400 33.00958754210812 19.295308692300164 1.0
EDGE: 36 4 21 800 65.25344395968239 11.053689402366718 1.0
EDGE: 37 4 22 300 75.99382610624133 4.247108245389862 1.0
EDGE: 38 4 23 100 77.12836842521273 9.003192877785478 1.0
EDGE: 39 4 24 500 34.32769376330124 15.426211369471059 1.0
EDGE: 40 4 25 100 21.036945597026737 4.883215323604907 1.0
EDGE: 41 5 16 1100 39.417602359975234 13.190492087919642 1.0
EDGE: 42 5 17 1900 78.06019593109276 4.7427700346509365 1.0
EDGE: 43 5 18 1900 76.73801487699073 19.868843115542905 1.0
EDGE: 44 5 19 1300 90.47383530381457 15.907232185707235 1.0
EDGE: 45 5 20 1200 28.756146592519226 6.674216608603419 1.0
EDGE: 46 5 21 1800 30.868343882590413 12.144034832379308 1.0
EDGE: 47 5 22 1900 74.98374142656813 7.277247996086068 1.0
EDGE: 48 5 23 800 76.93127969434127 17.018243939760488 1.0
EDGE: 49 5 24 600 64.35123039763377 9.536552679605396 1.0
EDGE: 50 5 25 1600 43.33711582772452 1.8091062253960342 1.0
EDGE: 51 6 16 500 97.5995995747323 17.631800748722156 1.0
EDGE: 52 6 17 400 14.689951618564672 2.1086642400662026 1.0
EDGE: 53 6 18 300 79.88526037448393 16.595649448232976 1.0
EDGE: 54 6 19 1900 85.96438815360617 6.973537710642632 1.0
EDGE: 55 6 20 300 76.2932569624428 12.990639818251335 1.0
EDGE: 56 6 21 1100 19.389880220640883 15.250955234583591 1.0
EDGE: 57 6 22 1900 85.45409891448165 7.227141915157754 1.0
EDGE: 58 6 23 900 99.2238865560713 12.450136624371758 1.0
EDGE: 59 6 24 1100 28.95955054466232 4.7684469652586605 1.0
EDGE: 60 6 25 1500 78.35912716520131 6.280120608537426 1.0
EDGE: 61 7 16 400 56.77268718362601 7.219100343820926 1.0
EDGE: 62 7 17 400 63.210259508031015 16.725125022394863 1.0
EDGE: 63 7 18 600 31.327512933559724 5.042566794830933 1.0
EDGE: 64 7 19 600 95.82528031419116 16.27853858352671 1.0
EDGE: 65 7 20 100 45.51348438193852 17.404323624438675 1.0
EDGE: 66 7 21 400 74.66697756028658 10.706641719099437 1.0
EDGE: 67 7 22 500 72.24022071850212 1.386474557484954 1.0
EDGE: 68 7 23 900 58.00974406714949 18.463136146183434 1.0
EDGE: 69 7 24 200 15.777726632754753 8.569977866656739 1.0
EDGE: 70 7 25 900 26.397037687689515 15.625594120458736 1.0
EDGE: 71 8 16 1800 17.567454704552564 2.730584436450423 1.0
EDGE: 72 8 17 1400 93.10485519867812 12.974909744139563 1.0
EDGE: 73 8 18 1500 81.69948605585707 11.144576115584277 1.0
EDGE: 74 8 19 1100 14.056476033407595 18.588848384590396 1.0
EDGE: 75 8 20 1700 87.75117139892102 13.750402426577425 1.0
EDGE: 76 8 21 1100 21.133812793710618 5.07079117525296 1.0
EDGE: 77 8 22 1400 21.182542764941168 5.162304145843162 1.0
EDGE: 78 8 23 300 75.33070179178988 5.284765412598696 1.0
EDGE: 79 8 24 800 93.98378239260707 4.282023946429499 1.0
EDGE: 80 8 25 800 58.693404175670764 9.217853715456197 1.0
EDGE: 81 9 16 200 90.77009325874536 19.004689360850968 1.0
EDGE: 82 9 17 1500 26.49365021817397 4.341081112529025 1.0
EDGE: 83 9 18 900 88.0192597421456 16.264973493902726 1.0
EDGE: 84 9 19 400 23.579559684581042 12.589864289230473 1.0
EDGE: 85 9 20 1900 36.64723284448299 9.41961265577671 1.0
EDGE: 86 9 21 700 71.34971386194795 19.83512909614122 1.0
EDGE: 87 9 22 600 40.61703047108122 18.712389884396597 1.0
EDGE: 88 9 23 1200 54.295716859105454 2.4661778605568525 1.0
EDGE: 89 9 24 1600 36.776279819355594 7.317664801340618 1.0
EDGE: 90 9 25 300 67.55853986521231 13.456408781283372 1.0
EDGE: 91 10 16 0 33.61871182369518 14.20855381563294 1.0
EDGE: 92 10 17 0 99.44399066976571 10.032977583370556 1.0
EDGE: 93 10 18 0 19.164905870877384 6.845846640652797 1.0
EDGE: 94 10 19 0 15.342588050337929 2.8214953608404003 1.0
EDGE: 95 10 20 0 20.657635638460928 7.433759599416357 1.0
EDGE: 96 10 21 0 21.999165226032417 9.086856889370518 1.0
EDGE: 97 10 22 0 11.267070684354277 6.23861239128566 1.0
EDGE: 98 10 23 0 13.577533615452008 19.441294327916868 1.0
EDGE: 99 10 24 0 11.501204086020735 16.216530635653 1.0
EDGE: 100 10 25 1600 93.46548482906704 2.1407464859657903 1.0
EDGE: 101 11 16 300 35.516773498010295 19.946258175995528 1.0
EDGE: 102 11 17 600 88.26547219305971 11.840641265059329 1.0
EDGE: 103 11 18 200 95.02603184468194 1.6131801857990977 1.0
EDGE: 104 11 19 600 32.91627320386144 18.43218357469928 1.0
EDGE: 105 11 20 400 45.994624958522635 14.540650827457377 1.0
EDGE: 106 11 21 300 28.39093867119009 7.330241942882002 1.0
EDGE: 107 11 22 500 75.82593841589724 11.514711924858972 1.0
EDGE: 108 11 23 300 55.91635610034171 14.333927678540725 1.0
EDGE: 109 11 24 800 41.227213125427376 5.898305602235604 1.0
EDGE: 110 11 25 900 84.15973105988685 9.930960230830511 1.0
EDGE: 111 12 16 0 29.452714807324227 15.281068624033429 1.0
EDGE: 112 12 17 0 18.327295980615425 8.666916141558413 1.0
EDGE: 113 12 18 0 38.11930721029259 4.160803319401701 1.0
EDGE: 114 12 19 0 52.62056421347729 4.950446317348964 1.0
EDGE: 115 12 20 0 21.28972694482374 8.902722027527936 1.0
EDGE: 116 12 21 0 29.995443486228336 6.415567653070479 1.0
EDGE: 117 12 22 0 42.01885144144851 5.972553294045283 1.0
EDGE: 118 12 23 0 35.66951786935015 3.71211076033065 1.0
EDGE: 119 12 24 0 24.05832429744116 1.1896080287905542 1.0
EDGE: 120 12 25 1800 63.32279965045997 5.34542657666318 1.0
EDGE: 121 13 16 400 57.91478191133547 5.495899092896785 1.0
EDGE: 122 13 17 800 35.437302472571126 4.936440828826539 1.0
EDGE: 123 13 18 100 78.95705840923645 4.487403607153791 1.0
EDGE: 124 13 19 200 41.72068818510611 19.023151906223998 1.0
EDGE: 125 13 20 400 97.76764830155857 14.70356923547731 1.0
EDGE: 126 13 21 900 52.05935284461983 15.274663241281486 1.0
EDGE: 127 13 22 700 25.43372273735116 1.4211493470282501 1.0
EDGE: 128 13 23 900 92.94624119450917 11.738849858062343 1.0
EDGE: 129 13 24 700 48.97306663718711 7.448469867993961 1.0
EDGE: 130 13 25 100 98.82870342814276 5.494746363807647 1.0
EDGE: 131 14 16 400 14.590190326983628 11.16621371750024 1.0
EDGE: 132 14 17 600 22.32170435180707 1.8307519394112992 1.0
EDGE: 133 14 18 400 78.95796216661118 5.810822949006454 1.0
EDGE: 134 14 19 100 89.73170746908191 1.819750220595902 1.0
EDGE: 135 14 20 900 51.22007547481013 17.746605199457626 1.0
EDGE: 136 14 21 600 30.836540750280392 19.912232406185993 1.0
EDGE: 137 14 22 300 90.90963522401593 14.22264782344953 1.0
EDGE: 138 14 23 200 94.36654850365531 17.91851851246303 1.0
EDGE: 139 14 24 600 49.47920932256838 16.860623058776998 1.0
EDGE: 140 14 25 500 23.13236226354505 7.50117459458777 1.0
EDGE: 141 15 16 300 75.63764135729421 19.869585477205998 1.0
EDGE: 142 15 17 1900 15.244575666145654 8.048713634461867 1.0
EDGE: 143 15 18 200 87.18892334583285 19.73385370206257 1.0
EDGE: 144 15 19 300 70.37066360415682 7.551678623819457 1.0
EDGE: 145 15 20 1900 54.56847834532275 11.87006674627975 1.0
EDGE: 146 15 21 1200 82.47444068927244 2.852197665336064 1.0
EDGE: 147 15 22 200 93.77213336190732 4.499513605864125 1.0
EDGE: 148 15 23 1900 92.98337048001626 10.388110894594826 1.0
EDGE: 149 15 24 1200 18.873094186199285 9.731826320862048 1.0
EDGE: 150 15 25 1100 50.82905604316311 19.30275437418339 1.0
EDGE: 151 16 26 700 96.82226496052209 14.606132166005478 1.0
EDGE: 152 16 27 700 68.30620117802158 15.541501753688673 1.0
EDGE: 153 16 28 300 89.72719392821608 15.585757306533042 1.0
EDGE: 154 16 29 300 24.195368177952894 1.306156349597473 1.0
EDGE: 155 16 30 300 82.30496470149865 14.752579138537511 1.0
EDGE: 156 16 31 100 88.0948449277309 14.988283255548719 1.0
EDGE: 157 16 32 200 44.70437149510803 13.697112995966911 1.0
EDGE: 158 16 33 600 72.40692642399787 9.452578525337243 1.0
EDGE: 159 16 34 600 53.392636641964934 7.85043794636506 1.0
EDGE: 160 16 35 0 40.923940281227424 2.291371692483371 1.0
EDGE: 161 16 36 600 55.30205108287321 7.754048065283932 1.0
EDGE: 162 16 37 600 35.459292476702416 4.421348617935006 1.0
EDGE: 163 16 38 700 62.93178742931492 4.513721029399803 1.0
EDGE: 164 16 39 300 44.468890389561516 17.143594751864306 1.0
EDGE: 165 16 40 300 70.60023879871834 10.433508113394453 1.0
EDGE: 166 16 41 0 10.108229445705902 12.53804877390731 1.0
EDGE: 167 16 42 400 84.54318465377796 6.575927379800199 1.0
EDGE: 168 16 43 100 52.67045549661917 6.813461743172538 1.0
EDGE: 169 16 44 300 52.05308521268127 13.74446089096629 1.0
EDGE: 170 16 45 800 33.85072746537006 17.98395639388091 1.0
EDGE: 171 16 46 600 37.354833154464025 14.13444834942279 1.0
EDGE: 172 16 47 200 32.782186352880885 7.993277602693132 1.0
EDGE: 173 16 48 700 24.41326351579638 6.648469643698641 1.0
EDGE: 174 16 49 200 91.28883703282044 9.157830787002352 1.0
EDGE: 175 16 50 0 99.3677471506603 8.622311961773736 1.0
EDGE: 176 17 26 700 37.300667033115076 12.54959996805339 1.0
EDGE: 177 17 27 100 77.78916127314608 11.457613241416563 1.0
EDGE: 178 17 28 0 37.8763080618847 17.690041267239145 1.0
EDGE: 179 17 29 700 94.45456446648467 16.407276062415868 1.0
EDGE: 180 17 30 300 35.77855307640861 1.6760414460199877 1.0
EDGE: 181 17 31 100 95.83488241903709 15.509747855227845 1.0
EDGE: 182 17 32 100 26.04804471121214 7.6090422124528265 1.0
EDGE: 183 17 33 500 67.99093378201384 15.418259407631817 1.0
EDGE: 184 17 34 300 91.52044048780411 5.94841495013961 1.0
EDGE: 185 17 35 800 65.07306150595835 16.62111343864598 1.0
EDGE: 186 17 36 100 38.73237799823069 4.160189282241524 1.0
EDGE: 187 17 37 800 26.119753365500088 17.29912272403091 1.0
EDGE: 188 17 38 300 28.16153810890127 10.782221966662016 1.0
EDGE: 189 17 39 600 20.35049087787289 1.816284021752058 1.0
EDGE: 190 17 40 300 15.246138094030785 15.77690118294411 1.0
EDGE: 191 17 41 200 53.64819624310769 11.58978940514455 1.0
EDGE: 192 17 42 200 71.12915073349753 1.7924855890389795 1.0
EDGE: 193 17 43 500 31.426558756186488 1.8354611105903786 1.0
EDGE: 194 17 44 200 74.57256049734114 5.7041625914138745 1.0
EDGE: 195 17 45 300 45.577560027647756 9.434710233402036 1.0
EDGE: 196 17 46 800 78.9869883909692 7.555927896315985 1.0
EDGE: 197 17 47 600 95.69450963778205 2.919110050236787 1.0
EDGE: 198 17 48 800 71.02197579617707 17.77437489093024 1.0
EDGE: 199 17 49 700 87.2659179369823 6.318674534024345 1.0
EDGE: 200 17 50 500 19.66226491701987 16.275489268879152 1.0
EDGE: 201 18 26 600 72.03549683026782 10.369943456809617 1.0
EDGE: 202 18 27 600 57.27534403741684 9.835545517781481 1.0
EDGE: 203 18 28 200 88.22360520026285 6.329961107467425 1.0
EDGE: 204 18 29 0 26.55563342100545 3.8471923312169984 1.0
EDGE: 205 18 30 200 60.80547205144056 7.392244781932724 1.0
EDGE: 206 18 31 500 79.81056866073709 12.331827101839902 1.0
EDGE: 207 18 32 100 64.54148385506176 3.4508372925158506 1.0
EDGE: 208 18 33 600 79.53391908725335 6.829350380135993 1.0
EDGE: 209 18 34 800 14.95486582485825 8.708536681164631 1.0
EDGE: 210 18 35 700 71.71165235826723 13.536394368441835 1.0
EDGE: 211 18 36 400 34.952056343382814 5.3753972416818545 1.0
EDGE: 212 18 37 600 75.80566339197284 2.814118458136484 1.0
EDGE: 213 18 38 800 67.28109823410523 9.453594327954818 1.0
EDGE: 214 18 39 500 67.86065127406593 17.936668286161524 1.0
EDGE: 215 18 40 800 25.523358839669445 14.354748610376753 1.0
EDGE: 216 18 41 300 65.67949649956304 6.701388629120387 1.0
EDGE: 217 18 42 400 88.81388583758483 9.845801549711693 1.0
EDGE: 218 18 43 800 67.51243223728605 2.2718847708193457 1.0
EDGE: 219 18 44 300 47.98569801327394 12.569538741509838 1.0
EDGE: 220 18 45 200 68.20530229904912 12.375029314869554 1.0
EDGE: 221 18 46 600 53.33337357758643 11.135850210665339 1.0
EDGE: 222 18 47 800 39.252265886087805 6.723002991088229 1.0
EDGE: 223 18 48 0 96.6911715462378 18.52982671576112 1.0
EDGE: 224 18 49 500 51.698210278811594 17.281467418245562 1.0
EDGE: 225 18 50 600 83.02107626092503 11.332783549330182 1.0
EDGE: 226 19 26 200 23.336217460822155 9.75496162779914 1.0
EDGE: 227 19 27 100 29.20601867448821 15.002301125966861 1.0
EDGE: 228 19 28 600 34.14539077027979 6.410615639648468 1.0
EDGE: 229 19 29 0 40.24362625839228 10.207385877105112 1.0
EDGE: 230 19 30 300 16.414343983663535 14.111277282943343 1.0
EDGE: 231 19 31 400 95.53578398864458 4.964836072883301 1.0
EDGE: 232 19 32 300 78.49567300660505 19.179142297074907 1.0
EDGE: 233 19 33 200 60.46934418682504 14.072910852154372 1.0
EDGE: 234 19 34 600 43.63672263512536 11.460986029298668 1.0
EDGE: 235 19 35 200 90.98328041283769 15.088395999405881 1.0
EDGE: 236 19 36 500 47.83196386808897 4.716085490068968 1.0
EDGE: 237 19 37 800 91.31760776335823 11.843158379402364 1.0
EDGE: 238 19 38 700 13.14227612929335 6.197929657851121 1.0
EDGE: 239 19 39 700 57.639378854183896 18.24628355924168 1.0
EDGE: 240 19 40 200 65.42648273706888 7.050810050394466 1.0
EDGE: 241 19 41 600 12.741054371131408 7.867892350785736 1.0
EDGE: 242 19 42 100 27.930413192687492 12.892385065840477 1.0
EDGE: 243 19 43 200 59.50659971248105 12.550727830375498 1.0
EDGE: 244 19 44 500 14.678822520544006 5.703310818454444 1.0
EDGE: 245 19 45 600 23.340571068343557 7.0456041803987794 1.0
EDGE: 246 19 46 700 30.115491522827543 17.89503749323504 1.0
EDGE: 247 19 47 600 66.25552971945481 19.41681980982009 1.0
EDGE: 248 19 48 100 13.936797277959627 10.176855875211462 1.0
EDGE: 249 19 49 0 77.81311428544807 18.713617179896072 1.0
EDGE: 250 19 50 500 82.56408109827751 9.593298315440716 1.0
EDGE: 251 20 26 500 80.61403125049527 10.153791367502732 1.0
EDGE: 252 20 27 300 21.20012406335916 18.852977515465376 1.0
EDGE: 253 20 28 400 40.53233976447254 12.815538427520845 1.0
EDGE: 254 20 29 700 72.9150432628712 10.819965835073052 1.0
EDGE: 255 20 30 300 14.38928501257102 17.58363610211674 1.0
EDGE: 256 20 31 500 53.706910148157085 3.7888028935098927 1.0
EDGE: 257 20 32 400 60.262040728806625 8.846051760512609 1.0
EDGE: 258 20 33 800 54.982427595775306 8.914228648109132 1.0
EDGE: 259 20 34 800 78.12263459236489 5.187073656109334 1.0
EDGE: 260 20 35 400 77.40295031839887 6.916732976390717 1.0
EDGE: 261 20 36 400 41.002400318428315 3.073054014309615 1.0
EDGE: 262 20 37 600 12.541177850210998 1.93501653905547 1.0
EDGE: 263 20 38 800 19.37724292291525 16.276862161319833 1.0
EDGE: 264 20 39 100 61.29383625816418 15.146460037054224 1.0
EDGE: 265 20 40 600 53.96905493780724 9.537138896938009 1.0
EDGE: 266 20 41 0 80.49564360807258 18.526689137420682 1.0
EDGE: 267 20 42 500 44.65856536262842 4.698448481312925 1.0
EDGE: 268 20 43 300 61.679886736293156 3.8693345875859846 1.0
EDGE: 269 20 44 300 25.704971869246343 15.328419013998644 1.0
EDGE: 270 20 45 200 98.43091843756315 6.937076066913023 1.0
EDGE: 271 20 46 600 49.967630669483185 2.5579665843622874 1.0
EDGE: 272 20 47 200 21.273880491524462 6.365070852339803 1.0
EDGE: 273 20 48 500 97.32514316331863 11.640696944450958 1.0
EDGE: 274 20 49 600 71.54697840230934 1.6878523078441594 1.0
EDGE: 275 20 50 500 84.98714126981538 7.4775776768381474 1.0
EDGE: 276 21 26 0 48.20160723874728 9.610799133058054 1.0
EDGE: 277 21 27 400 79.89408574811539 15.102975599482729 1.0
EDGE: 278 21 28 500 53.9756403679705 7.397264486013672 1.0
EDGE: 279 21 29 300 25.900381422294608 16.878153654170134 1.0
EDGE: 280 21 30 600 49.88522405587424 8.992461526957596 1.0
EDGE: 281 21 31 200 30.936151110066714 12.88831678281071 1.0
EDGE: 282 21 32 0 39.48032870695407 8.25519690475279 1.0
EDGE: 283 21 33 600 31.84293260654049 9.7893074084112 1.0
EDGE: 284 21 34 800 26.80944062066426 3.418549723731909 1.0
EDGE: 285 21 35 800 17.078661310141264 12.100038750945103 1.0
EDGE: 286 21 36 600 84.53865375399828 17.650583124129668 1.0
EDGE: 287 21 37 700 29.987214241289582 18.686762206545886 1.0
EDGE: 288 21 38 300 81.17049775822578 16.336189552983573 1.0
EDGE: 289 21 39 600 97.8278465249913 12.93526140864075 1.0
EDGE: 290 21 40 200 78.80780938869705 6.4511589820462705 1.0
EDGE: 291 21 41 800 74.25982626278387 15.857068774765846 1.0
EDGE: 292 21 42 300 95.40796545073833 19.1495650624744 1.0
EDGE: 293 21 43 200 35.4775901480137 10.125793618654864 1.0
EDGE: 294 21 44 400 17.972774322265355 4.435563144351257 1.0
EDGE: 295 21 45 700 92.69171032718734 3.789664001588287 1.0
EDGE: 296 21 46 0 25.6193609799447 13.540691894904475 1.0
EDGE: 297 21 47 100 36.15100894296907 13.156364182982632 1.0
EDGE: 298 21 48 200 13.97733385235115 4.377777964356197 1.0
EDGE: 299 21 49 800 58.40111823764211 15.096274515721035 1.0
EDGE: 300 21 50 0 44.85757043860727 16.192528496776468 1.0
EDGE: 301 22 26 100 46.97480991211317 18.760196070887563 1.0
EDGE: 302 22 27 0 87.63790800429675 1.283915323269216 1.0
EDGE: 303 22 28 100 89.20939497203922 12.457662732136706 1.0
EDGE: 304 22 29 500 41.31108232810796 12.414434927056474 1.0
EDGE: 305 22 30 100 84.38650099234948 2.1919268665082936 1.0
EDGE: 306 22 31 300 58.64019477602891 5.281346460618824 1.0
EDGE: 307 22 32 500 70.88957832316058 2.0977180560155615 1.0
EDGE: 308 22 33 100 46.367043300475466 2.1699748772393552 1.0
EDGE: 309 22 34 700 18.574381148103065 12.77786849955127 1.0
EDGE: 310 22 35 700 27.918623792711703 18.660176219351023 1.0
EDGE: 311 22 36 0 19.047806434012806 9.284891687385732 1.0
EDGE: 312 22 37 800 17.55711257551095 15.00706019501342 1.0
EDGE: 313 22 38 800 29.050353446811997 3.243617442390805 1.0
EDGE: 314 22 39 200 57.41863445275968 5.567058449695968 1.0
EDGE: 315 22 40 0 54.63753926332335 1.3609729030452993 1.0
EDGE: 316 22 41 400 11.386146548968128 8.39044003493995 1.0
EDGE: 317 22 42 600 66.35556715200681 10.319000509668218 1.0
EDGE: 318 22 43 500 82.24174034373287 15.85135865892854 1.0
EDGE: 319 22 44 500 38.10658928733311 14.797212336646485 1.0
EDGE: 320 22 45 500 71.04367000589124 19.936534777708584 1.0
EDGE: 321 22 46 200 74.89883720145426 12.120370841176273 1.0
EDGE: 322 22 47 400 10.173434242845905 16.563657536776415 1.0
EDGE: 323 22 48 800 77.17696881396022 1.7777881516720542 1.0
EDGE: 324 22 49 200 53.998192277157024 13.050610046454516 1.0
EDGE: 325 22 50 200 31.927914160561212 3.810245432806021 1.0
EDGE: 326 23 26 100 53.59388877509066 10.60659946174554 1.0
EDGE: 327 23 27 800 63.257555920991905 13.810613833254601 1.0
EDGE: 328 23 28 400 74.47431000117447 14.46629888911631 1.0
EDGE: 329 23 29 0 27.633539607469967 16.03428464023912 1.0
EDGE: 330 23 30 800 78.77148022161445 15.038084997435794 1.0
EDGE: 331 23 31 700 81.48955018455734 9.8654914209866 1.0
EDGE: 332 23 32 800 75.81263068890752 2.1874666059541092 1.0
EDGE: 333 23 33 0 71.38632785353244 9.635620308754149 1.0
EDGE: 334 23 34 100 87.53911066792071 3.5268066710416686 1.0
EDGE: 335 23 35 600 29.424773853718776 1.5396091917940127 1.0
EDGE: 336 23 36 0 17.7125123983548 9.332416098812745 1.0
EDGE: 337 23 37 700 29.106450529834458 17.146520213337094 1.0
EDGE: 338 23 38 500 76.35335598453425 12.46012874184315 1.0
EDGE: 339 23 39 800 19.33675879203014 12.750382518824122 1.0
EDGE: 340 23 40 300 93.35761482462053 16.380440395498255 1.0
EDGE: 341 23 41 400 96.76614885020349 8.557403956126503 1.0
EDGE: 342 23 42 200 37.73642153522047 2.204310251881625 1.0
EDGE: 343 23 43 400 79.16464936091468 15.455636632298361 1.0
EDGE: 344 23 44 300 31.424253088397545 2.320718527119938 1.0
EDGE: 345 23 45 500 55.02503532922126 3.863197722261372 1.0
EDGE: 346 23 46 700 59.10090628331078 15.017072066625962 1.0
EDGE: 347 23 47 400 97.08993934977246 2.901135670722077 1.0
EDGE: 348 23 48 200 47.972581715504646 12.203554050592802 1.0
EDGE: 349 23 49 700 49.998235246660485 4.887034547500354 1.0
EDGE: 350 23 50 300 23.957390718835832 12.11250861343396 1.0
EDGE: 351 24 26 800 54.745989979189616 19.89545476654753 1.0
EDGE: 352 24 27 500 73.22057997373139 3.5939577734717356 1.0
EDGE: 353 24 28 500 65.1573135436129 2.881298257318796 1.0
EDGE: 354 24 29 300 40.50482111382448 7.378341345027443 1.0
EDGE: 355 24 30 100 54.060387315295465 7.6121955909731955 1.0
EDGE: 356 24 31 400 88.20084191975164 13.427574539556387 1.0
EDGE: 357 24 32 300 19.364037441727945 14.40600952031232 1.0
EDGE: 358 24 33 300 22.603724303933102 13.245518033250994 1.0
EDGE: 359 24 34 100 92.73009550937104 4.41954436695217 1.0
EDGE: 360 24 35 800 86.30020133095731 8.76895308433954 1.0
EDGE: 361 24 36 400 86.03693522297874 2.9845595367871436 1.0
EDGE: 362 24 37 400 88.13222013934511 17.210154637210522 1.0
EDGE: 363 24 38 200 83.3294279909334 9.237177305045794 1.0
EDGE: 364 24 39 500 64.6821439130022 19.972160234348213 1.0
EDGE: 365 24 40 700 18.4506786625982 19.036782444192156 1.0
EDGE: 366 24 41 0 19.724845686537844 17.507821019841003 1.0
EDGE: 367 24 42 500 71.05083326153432 10.920504543777453 1.0
EDGE: 368 24 43 500 90.59205171005696 14.743738459450356 1.0
EDGE: 369 24 44 800 46.168266986960504 16.589376207103946 1.0
EDGE: 370 24 45 700 82.8942159913502 13.440170654464419 1.0
EDGE: 371 24 46 0 65.07848657209426 3.1722634946860593 1.0
EDGE: 372 24 47 0 37.5452562484465 16.608008618420456 1.0
EDGE: 373 24 48 400 57.60603180242353 2.2636627902977002 1.0
EDGE: 374 24 49 800 96.5354617242005 16.853914462898867 1.0
EDGE: 375 24 50 0 68.59470827089132 13.481451541245915 1.0
EDGE: 376 25 26 500 26.39788364986296 2.274713226250083 1.0
EDGE: 377 25 27 700 83.73145696016189 13.040696533248987 1.0
EDGE: 378 25 28 500 40.81350875102324 18.272136661703488 1.0
EDGE: 379 25 29 800 82.41917462404035 3.589604178777342 1.0
EDGE: 380 25 30 400 86.30055005220102 5.409007179693893 1.0
EDGE: 381 25 31 100 57.89379659318428 8.303712940209683 1.0
EDGE: 382 25 32 600 87.4331533618191 12.177957854317219 1.0
EDGE: 383 25 33 0 37.28095664773162 11.984417887542902 1.0
EDGE: 384 25 34 200 70.5348315656104 18.303788438316406 1.0
EDGE: 385 25 35 700 66.78752552369987 8.657922840494134 1.0
EDGE: 386 25 36 700 97.29195260283352 14.950537300112751 1.0
EDGE: 387 25 37 400 59.72336482400463 15.92071391688139 1.0
EDGE: 388 25 38 600 52.23257380733421 4.954377862506616 1.0
EDGE: 389 25 39 200 57.54858113714671 16.027648663071837 1.0
EDGE: 390 25 40 300 70.51594245285706 8.953422712466374 1.0
EDGE: 391 25 41 700 36.641609758340934 16.468749916870106 1.0
EDGE: 392 25 42 600 74.9779974294369 16.03553589265074 1.0
EDGE: 393 25 43 800 35.983436285464514 9.530807496980694 1.0
EDGE: 394 25 44 700 63.878140257750424 12.275242348085705 1.0
EDGE: 395 25 45 300 53.453270061896625 14.089871348536626 1.0
EDGE: 396 25 46 0 23.292628473168435 16.280829517760978 1.0
EDGE: 397 25 47 300 80.93097438586547 7.630735133558505 1.0
EDGE: 398 25 48 200 70.59988573792725 17.62273981227826 1.0
EDGE: 399 25 49 0 40.90157885776294 17.239507627256177 1.0
EDGE: 400 25 50 0 18.00303142174052 3.764337783994838 1.0
EOF
