NAME : null
NBR_NODES: 55
NBR_EDGES: 646
T: 162.16733692445004
# NODE: i x_i y_i b_i g_i s_i
# x_i, y_i : x, y of node i
# b_i : demand of node_i, <0 for depot, >0 for client, =0 for platforms
# g_i : cost for using node i, >0 only for platforms
# s_i : time for crossing node _i, >0 only for platforms
NODE: 1 10 10 -21 0.0 0.0
NODE: 2 10 20 -12 0.0 0.0
NODE: 3 10 30 -18 0.0 0.0
NODE: 4 10 40 -17 0.0 0.0
NODE: 5 10 50 -16 0.0 0.0
NODE: 6 10 60 -26 0.0 0.0
NODE: 7 10 70 -11 0.0 0.0
NODE: 8 10 80 -26 0.0 0.0
NODE: 9 10 90 -22 0.0 0.0
NODE: 10 10 100 -20 0.0 0.0
NODE: 11 10 110 -17 0.0 0.0
NODE: 12 10 120 -14 0.0 0.0
NODE: 13 10 130 -20 0.0 0.0
NODE: 14 10 140 -18 0.0 0.0
NODE: 15 10 150 -26 0.0 0.0
NODE: 16 50 10 0 44.05317878146458 1.0
NODE: 17 50 20 0 89.37359084921214 1.0
NODE: 18 50 30 0 67.60800587127599 1.0
NODE: 19 50 40 0 52.4114023706693 1.0
NODE: 20 50 50 0 53.07904362103259 1.0
NODE: 21 50 60 0 66.40906168162543 1.0
NODE: 22 50 70 0 84.95863286258037 1.0
NODE: 23 50 80 0 45.64986764372863 1.0
NODE: 24 50 90 0 33.193177078634434 1.0
NODE: 25 50 100 0 65.19541368566541 1.0
NODE: 26 50 110 0 32.03115715726044 1.0
NODE: 27 50 120 0 34.783405095425664 1.0
NODE: 28 50 130 0 99.79083150092409 1.0
NODE: 29 50 140 0 82.84026560582917 1.0
NODE: 30 50 150 0 89.86410767125844 1.0
NODE: 31 50 160 0 12.47285248313516 1.0
NODE: 32 50 170 0 54.88435175440761 1.0
NODE: 33 100 10 16 0.0 0.0
NODE: 34 100 20 13 0.0 0.0
NODE: 35 100 30 11 0.0 0.0
NODE: 36 100 40 16 0.0 0.0
NODE: 37 100 50 8 0.0 0.0
NODE: 38 100 60 11 0.0 0.0
NODE: 39 100 70 13 0.0 0.0
NODE: 40 100 80 9 0.0 0.0
NODE: 41 100 90 14 0.0 0.0
NODE: 42 100 100 13 0.0 0.0
NODE: 43 100 110 15 0.0 0.0
NODE: 44 100 120 9 0.0 0.0
NODE: 45 100 130 7 0.0 0.0
NODE: 46 100 140 15 0.0 0.0
NODE: 47 100 150 6 0.0 0.0
NODE: 48 100 160 10 0.0 0.0
NODE: 49 100 170 11 0.0 0.0
NODE: 50 100 180 8 0.0 0.0
NODE: 51 100 190 7 0.0 0.0
NODE: 52 100 200 13 0.0 0.0
NODE: 53 100 210 13 0.0 0.0
NODE: 54 100 220 11 0.0 0.0
NODE: 55 100 230 35 0.0 0.0
# EDGE: k i j u_ij c_ij h_ij t_ij
# i : starting node of edge k
# j : ending node of edge k
# u_ij : capacity of edge (i,j)
# c_ij : fixed cost for the use of (i,j)
# h_ij : unit cost for (i,j)
# t_ij : delivery time for (i,j)
EDGE: 1 1 16 500 89.47263608370987 1.6247145528080542 1.0
EDGE: 2 1 17 900 80.1222138325059 17.111840512590494 1.0
EDGE: 3 1 18 300 73.51402597333185 3.124281248734342 1.0
EDGE: 4 1 19 800 72.12558719726414 15.930137595776449 1.0
EDGE: 5 1 20 600 43.43609817673728 14.180352584016548 1.0
EDGE: 6 1 21 500 12.54532468257824 1.1318457852043364 1.0
EDGE: 7 1 22 700 84.9823515820344 11.914168962371473 1.0
EDGE: 8 1 23 400 79.7520984815501 19.240280674276654 1.0
EDGE: 9 1 24 200 34.4351225159935 18.9766933148485 1.0
EDGE: 10 1 25 800 29.986250525381916 11.72165084506751 1.0
EDGE: 11 1 26 200 22.770204247561217 8.992125982915276 1.0
EDGE: 12 1 27 200 15.327429823863767 4.791342161336511 1.0
EDGE: 13 1 28 600 15.380949633846452 15.21816330965409 1.0
EDGE: 14 1 29 800 74.67509954538923 2.3881021575447354 1.0
EDGE: 15 1 30 400 25.37963219816658 18.262828870504435 1.0
EDGE: 16 1 31 900 31.99770538697993 6.030984634125428 1.0
EDGE: 17 1 32 100 90.98388418036289 10.447731826753383 1.0
EDGE: 18 2 16 0 28.608345399837923 1.0238823641273989 1.0
EDGE: 19 2 17 0 29.996051892542425 12.157591667164501 1.0
EDGE: 20 2 18 0 48.724749584713294 19.222502783725616 1.0
EDGE: 21 2 19 0 86.88323260572284 10.265873770113792 1.0
EDGE: 22 2 20 0 60.07134706124627 13.328624622550208 1.0
EDGE: 23 2 21 0 10.46585274655252 2.4763780244050277 1.0
EDGE: 24 2 22 0 73.78128478140826 4.426481427983381 1.0
EDGE: 25 2 23 0 62.722564370075524 13.170628480158664 1.0
EDGE: 26 2 24 0 80.35617626175343 19.226116309621855 1.0
EDGE: 27 2 25 0 11.719301582802961 8.10090301204307 1.0
EDGE: 28 2 26 0 20.941402059813097 3.228548337174136 1.0
EDGE: 29 2 27 0 14.170278575925668 1.018749975315048 1.0
EDGE: 30 2 28 0 65.67477332640513 14.777600155748404 1.0
EDGE: 31 2 29 0 25.638775636796 4.078832677231704 1.0
EDGE: 32 2 30 0 53.366375465324886 2.7132220140420986 1.0
EDGE: 33 2 31 0 68.8854887635432 10.607951333960294 1.0
EDGE: 34 2 32 2400 29.267402561637468 14.091166724025143 1.0
EDGE: 35 3 16 700 23.37229394481569 13.579075832813459 1.0
EDGE: 36 3 17 100 60.185781505127025 11.18384975670067 1.0
EDGE: 37 3 18 800 51.42920776448544 10.880245057060783 1.0
EDGE: 38 3 19 300 48.70642530386998 1.7272420560446302 1.0
EDGE: 39 3 20 800 99.09237192397866 10.218167650315468 1.0
EDGE: 40 3 21 200 20.773909820621796 13.128642940884042 1.0
EDGE: 41 3 22 800 82.1208681525012 13.246372758134415 1.0
EDGE: 42 3 23 900 33.39538325213303 16.10016779476146 1.0
EDGE: 43 3 24 400 50.20018238064399 1.2577517109548928 1.0
EDGE: 44 3 25 300 41.721527394517615 2.9328045669138953 1.0
EDGE: 45 3 26 600 94.84012665929329 6.531334797614126 1.0
EDGE: 46 3 27 400 87.26339543749079 12.375875624707078 1.0
EDGE: 47 3 28 100 58.97502898215204 16.173151030065455 1.0
EDGE: 48 3 29 100 21.50291247353939 11.836750628552585 1.0
EDGE: 49 3 30 500 28.774005528767354 11.041006696436604 1.0
EDGE: 50 3 31 300 71.65487218202114 8.365657020481862 1.0
EDGE: 51 3 32 900 90.6691355446539 10.093035274557733 1.0
EDGE: 52 4 16 300 67.83822995585291 4.640425445303802 1.0
EDGE: 53 4 17 900 19.10933392939339 14.249854927787897 1.0
EDGE: 54 4 18 200 33.41452660133703 9.916023348888444 1.0
EDGE: 55 4 19 300 33.04774912537437 14.610182616241822 1.0
EDGE: 56 4 20 600 92.75121002172496 16.653709684111448 1.0
EDGE: 57 4 21 800 91.67049948296338 6.609744018027226 1.0
EDGE: 58 4 22 700 13.167721872127958 10.294663261196735 1.0
EDGE: 59 4 23 300 82.37454417881594 13.463330417010134 1.0
EDGE: 60 4 24 100 70.32212933686691 8.392924326360452 1.0
EDGE: 61 4 25 700 36.502522650238106 12.979835947716113 1.0
EDGE: 62 4 26 400 88.7961106788248 16.07249185466044 1.0
EDGE: 63 4 27 700 70.84235661065043 8.59012762793411 1.0
EDGE: 64 4 28 200 12.1361276855221 17.523426191787525 1.0
EDGE: 65 4 29 100 45.399438550781184 15.177587656755225 1.0
EDGE: 66 4 30 700 69.10859164982165 14.001793160456463 1.0
EDGE: 67 4 31 400 30.44921755444702 1.0511734721225312 1.0
EDGE: 68 4 32 400 65.42681510629612 9.548298841449746 1.0
EDGE: 69 5 16 0 88.37798688753269 3.1508383015280046 1.0
EDGE: 70 5 17 0 52.707591500433736 2.390457798340549 1.0
EDGE: 71 5 18 0 58.31969961172952 10.325154727151043 1.0
EDGE: 72 5 19 0 58.91520104668589 6.743135603847215 1.0
EDGE: 73 5 20 0 54.09661601109253 12.270990652443063 1.0
EDGE: 74 5 21 0 97.05064270774022 1.4723142408478278 1.0
EDGE: 75 5 22 0 68.47158963696 8.475073254962144 1.0
EDGE: 76 5 23 0 71.34393681912825 10.836918546347643 1.0
EDGE: 77 5 24 0 69.21981520531102 4.247289604657052 1.0
EDGE: 78 5 25 0 32.70727884553601 14.273552979233147 1.0
EDGE: 79 5 26 0 15.027852528179631 6.685570149481974 1.0
EDGE: 80 5 27 0 87.70687068801566 13.938988437276786 1.0
EDGE: 81 5 28 0 51.72772758497652 19.162190016121222 1.0
EDGE: 82 5 29 0 97.8112482499451 4.475244298956292 1.0
EDGE: 83 5 30 0 91.87392692699392 18.671342962928172 1.0
EDGE: 84 5 31 0 48.173905529395554 12.212110653310782 1.0
EDGE: 85 5 32 3200 73.17110730806428 19.127821092564307 1.0
EDGE: 86 6 16 700 97.70803461630683 14.771951221883482 1.0
EDGE: 87 6 17 600 53.76032131194664 5.456654170515354 1.0
EDGE: 88 6 18 900 64.71118923820433 12.791634342510864 1.0
EDGE: 89 6 19 600 44.871572152232055 3.0635434972638707 1.0
EDGE: 90 6 20 300 14.797691903410257 17.226434359301393 1.0
EDGE: 91 6 21 700 43.850525907984206 1.0259386594149686 1.0
EDGE: 92 6 22 200 40.39659429713982 5.450745267683469 1.0
EDGE: 93 6 23 800 33.06716821936878 3.0946013090216087 1.0
EDGE: 94 6 24 800 43.57299153341931 18.12045334725775 1.0
EDGE: 95 6 25 700 92.71424108256268 10.345498209281835 1.0
EDGE: 96 6 26 800 86.430526069755 3.511811339138575 1.0
EDGE: 97 6 27 500 78.0032581675845 10.071865855560903 1.0
EDGE: 98 6 28 600 95.8528758525191 8.801657361493866 1.0
EDGE: 99 6 29 100 43.765914852322695 12.256295280157135 1.0
EDGE: 100 6 30 600 71.8420390306533 11.503822960261713 1.0
EDGE: 101 6 31 100 11.968710842417401 8.712674395128342 1.0
EDGE: 102 6 32 700 81.2112413216117 19.02657419655812 1.0
EDGE: 103 7 16 0 40.14858882978014 19.737838038769006 1.0
EDGE: 104 7 17 0 60.89026562665097 5.06592832746069 1.0
EDGE: 105 7 18 0 41.277407729959535 17.86276378786019 1.0
EDGE: 106 7 19 0 17.601017238896787 16.299690972609998 1.0
EDGE: 107 7 20 0 88.06306400942064 17.043160445378657 1.0
EDGE: 108 7 21 0 63.16115307504107 8.597059012972998 1.0
EDGE: 109 7 22 0 67.19506556134928 12.379294768521865 1.0
EDGE: 110 7 23 0 17.173558099247945 2.708628027085882 1.0
EDGE: 111 7 24 0 91.54237633491432 11.204893295902034 1.0
EDGE: 112 7 25 0 41.35951681613811 14.151653333268552 1.0
EDGE: 113 7 26 0 40.81135830482389 2.1349731908668295 1.0
EDGE: 114 7 27 0 12.293358307563773 14.755406982153923 1.0
EDGE: 115 7 28 0 43.67158271800291 17.412432872675545 1.0
EDGE: 116 7 29 0 41.796412631760234 17.081470283435163 1.0
EDGE: 117 7 30 0 46.85737274349729 11.64326300585672 1.0
EDGE: 118 7 31 0 76.7480751644967 16.683813695763085 1.0
EDGE: 119 7 32 2200 59.25286086182061 6.760200550497369 1.0
EDGE: 120 8 16 400 42.57180798363363 6.92349899218287 1.0
EDGE: 121 8 17 100 71.46836209959352 7.804693663402323 1.0
EDGE: 122 8 18 900 37.15386347732053 19.80285397287093 1.0
EDGE: 123 8 19 500 23.915923559200778 15.866996896970115 1.0
EDGE: 124 8 20 400 14.452577382152409 18.033961290929565 1.0
EDGE: 125 8 21 400 38.891803740106255 13.274262079186428 1.0
EDGE: 126 8 22 700 39.556015760966694 19.306302461533217 1.0
EDGE: 127 8 23 100 74.6737427721029 9.866450408705862 1.0
EDGE: 128 8 24 900 59.44579965726972 2.4684075385289357 1.0
EDGE: 129 8 25 300 72.1407965031537 15.949925910664849 1.0
EDGE: 130 8 26 400 46.22492747524429 5.088346007904608 1.0
EDGE: 131 8 27 300 66.92358684492089 2.2685587599781614 1.0
EDGE: 132 8 28 100 42.06738194195334 9.60790867442244 1.0
EDGE: 133 8 29 600 32.59274198919195 7.082193946247848 1.0
EDGE: 134 8 30 700 17.6473705344379 18.05532161171149 1.0
EDGE: 135 8 31 200 52.89337286332957 4.192323837870182 1.0
EDGE: 136 8 32 300 18.305980193354564 17.03133784684676 1.0
EDGE: 137 9 16 500 93.53336144961027 5.50480667117152 1.0
EDGE: 138 9 17 600 14.71307307762599 14.433546575659431 1.0
EDGE: 139 9 18 500 16.533324100385723 2.4694818379684014 1.0
EDGE: 140 9 19 400 67.28224508543701 11.133749685075609 1.0
EDGE: 141 9 20 300 52.64600468681166 1.48651451279368 1.0
EDGE: 142 9 21 300 86.09662226352671 3.573242689068614 1.0
EDGE: 143 9 22 800 79.85295199589858 14.119326297186266 1.0
EDGE: 144 9 23 600 20.603371144841176 3.9908505623273163 1.0
EDGE: 145 9 24 600 38.44628650504857 19.70394541321352 1.0
EDGE: 146 9 25 400 75.8346639383328 12.748555436664505 1.0
EDGE: 147 9 26 900 55.703340540845915 17.694624205278924 1.0
EDGE: 148 9 27 800 34.41296723489553 14.969565653340592 1.0
EDGE: 149 9 28 200 45.662031265997925 6.835570081315801 1.0
EDGE: 150 9 29 600 26.09843471580534 2.453665825986235 1.0
EDGE: 151 9 30 800 12.004740442910235 17.998626752220346 1.0
EDGE: 152 9 31 800 69.13623028286324 7.584695000761643 1.0
EDGE: 153 9 32 200 54.55852756073248 9.276758553993199 1.0
EDGE: 154 10 16 900 50.16159227146123 7.694994974973679 1.0
EDGE: 155 10 17 200 92.41949520135944 6.673173154271474 1.0
EDGE: 156 10 18 200 31.920440355335543 19.101669490542115 1.0
EDGE: 157 10 19 300 59.20909903305882 4.475932171816741 1.0
EDGE: 158 10 20 900 80.56336195576523 1.779505565003195 1.0
EDGE: 159 10 21 700 88.47025148206207 18.157889965276986 1.0
EDGE: 160 10 22 500 86.77075897686065 17.38539413741606 1.0
EDGE: 161 10 23 600 49.71098129593803 3.391807430128484 1.0
EDGE: 162 10 24 800 77.46699637356554 5.099094638491757 1.0
EDGE: 163 10 25 500 68.10350944847411 5.520481484798628 1.0
EDGE: 164 10 26 800 97.38134611451032 7.495190996265631 1.0
EDGE: 165 10 27 900 83.34651902258653 15.571735527704359 1.0
EDGE: 166 10 28 500 22.2135499414293 11.411079015118801 1.0
EDGE: 167 10 29 700 35.6984614160738 1.6581159345992142 1.0
EDGE: 168 10 30 100 47.6617964989361 17.52583079917613 1.0
EDGE: 169 10 31 500 39.689674495077675 19.35113379083926 1.0
EDGE: 170 10 32 900 11.070958364594569 7.114778564423902 1.0
EDGE: 171 11 16 300 18.521165098350068 5.369903864451481 1.0
EDGE: 172 11 17 100 44.95886376595947 11.194662519647409 1.0
EDGE: 173 11 18 300 94.6578415754738 3.6740130781243505 1.0
EDGE: 174 11 19 100 44.17843979734492 17.02418841643536 1.0
EDGE: 175 11 20 900 84.62401188176145 19.800472892541702 1.0
EDGE: 176 11 21 700 40.973530756741894 2.674833644349062 1.0
EDGE: 177 11 22 200 68.50897918108623 15.034595361914256 1.0
EDGE: 178 11 23 300 94.68620360520929 15.136749878040803 1.0
EDGE: 179 11 24 700 67.19051494009906 5.7546326933437255 1.0
EDGE: 180 11 25 300 35.37336361517519 3.174605823933405 1.0
EDGE: 181 11 26 800 32.78405554668373 10.040030404829139 1.0
EDGE: 182 11 27 200 53.090471422853064 13.898210004266618 1.0
EDGE: 183 11 28 800 30.325409812178652 6.383135470721605 1.0
EDGE: 184 11 29 900 87.10019863280678 17.76276349636873 1.0
EDGE: 185 11 30 300 61.19480662641082 17.094200914214316 1.0
EDGE: 186 11 31 100 41.763811178212464 18.46357874281118 1.0
EDGE: 187 11 32 800 81.29007481893667 15.739532624065939 1.0
EDGE: 188 12 16 0 88.37312227871679 6.9401167568421345 1.0
EDGE: 189 12 17 0 69.45679857713206 8.702624243536164 1.0
EDGE: 190 12 18 0 64.68078609452903 7.454178414073696 1.0
EDGE: 191 12 19 0 24.183237121765412 18.708119255363115 1.0
EDGE: 192 12 20 0 66.38678800024351 12.457098615792912 1.0
EDGE: 193 12 21 0 59.067817792531166 6.898447667932707 1.0
EDGE: 194 12 22 0 27.33891129420947 6.710786517605921 1.0
EDGE: 195 12 23 0 70.06703483007374 2.8029788330071845 1.0
EDGE: 196 12 24 0 67.70501816203374 19.877453106050762 1.0
EDGE: 197 12 25 0 90.03155563090475 13.289536809235749 1.0
EDGE: 198 12 26 0 81.87493074500372 18.542873139035994 1.0
EDGE: 199 12 27 0 38.53834463351921 8.338117112154885 1.0
EDGE: 200 12 28 0 30.349745438150453 4.388021458691393 1.0
EDGE: 201 12 29 0 27.526622034815205 1.2266570689035454 1.0
EDGE: 202 12 30 0 82.37639242027669 5.973931683415117 1.0
EDGE: 203 12 31 0 65.74546280125698 17.4686919649924 1.0
EDGE: 204 12 32 2800 48.58523800140084 17.354617995508686 1.0
EDGE: 205 13 16 800 97.52086054996083 17.592751607889788 1.0
EDGE: 206 13 17 200 85.38855587153873 17.48290364279228 1.0
EDGE: 207 13 18 300 73.85006243469601 14.603335581887963 1.0
EDGE: 208 13 19 900 85.39766953013978 19.124003240838068 1.0
EDGE: 209 13 20 700 46.33098016596457 4.713309503202499 1.0
EDGE: 210 13 21 800 50.61659667396551 5.741697256455913 1.0
EDGE: 211 13 22 800 26.9345000639586 18.687572582456156 1.0
EDGE: 212 13 23 700 77.66997569450255 18.57194816560673 1.0
EDGE: 213 13 24 100 99.12750196742493 16.887831017643343 1.0
EDGE: 214 13 25 200 46.82312853202686 14.848797657305017 1.0
EDGE: 215 13 26 100 28.354399838951636 1.8583296481419032 1.0
EDGE: 216 13 27 400 29.052029979127504 15.897392253270366 1.0
EDGE: 217 13 28 600 72.38501187804962 5.042382196870692 1.0
EDGE: 218 13 29 900 17.92103432804559 4.5589751577182 1.0
EDGE: 219 13 30 200 34.53657499420067 7.9695399322278835 1.0
EDGE: 220 13 31 700 45.526140854024995 5.162698077295884 1.0
EDGE: 221 13 32 400 15.277728215051289 15.003249693985786 1.0
EDGE: 222 14 16 600 54.261624218596886 5.009083605941847 1.0
EDGE: 223 14 17 100 40.22224970707248 5.488840406971974 1.0
EDGE: 224 14 18 100 88.66785218868233 8.079996303065904 1.0
EDGE: 225 14 19 200 85.02039008877554 10.891682656466127 1.0
EDGE: 226 14 20 500 44.11807987506105 3.439953484511448 1.0
EDGE: 227 14 21 600 60.155598113192504 16.26536512065635 1.0
EDGE: 228 14 22 400 31.602058308792426 15.54362720132926 1.0
EDGE: 229 14 23 900 61.15444586044151 17.13973285876755 1.0
EDGE: 230 14 24 200 10.3642405241664 9.414379326023006 1.0
EDGE: 231 14 25 300 42.21759176187812 16.668629126790105 1.0
EDGE: 232 14 26 400 62.654434366158895 17.408672586073248 1.0
EDGE: 233 14 27 800 73.7795584218012 18.627186427226547 1.0
EDGE: 234 14 28 400 97.34867781489446 4.031200738449352 1.0
EDGE: 235 14 29 800 27.005165569871185 19.598509172589736 1.0
EDGE: 236 14 30 700 41.69817330459801 16.015585113308077 1.0
EDGE: 237 14 31 900 70.73042528506089 8.439590979410584 1.0
EDGE: 238 14 32 100 72.9640923688078 10.635476898440348 1.0
EDGE: 239 15 16 900 58.855692215086385 4.866315059613134 1.0
EDGE: 240 15 17 700 14.196044844539463 13.960909986127518 1.0
EDGE: 241 15 18 800 48.698915494721426 2.7473737895245893 1.0
EDGE: 242 15 19 700 10.912038048770784 11.52475380480182 1.0
EDGE: 243 15 20 700 73.31676832313636 11.446957763671449 1.0
EDGE: 244 15 21 300 37.93775301699709 4.61409864136257 1.0
EDGE: 245 15 22 400 13.301503915321863 13.306056217631651 1.0
EDGE: 246 15 23 400 38.162920972435344 5.151428680545165 1.0
EDGE: 247 15 24 100 76.06131445829062 2.10220935938271 1.0
EDGE: 248 15 25 700 87.47262376286535 12.880418523098092 1.0
EDGE: 249 15 26 400 73.09203575214713 6.077562279272491 1.0
EDGE: 250 15 27 700 92.61135172510515 4.321202605162724 1.0
EDGE: 251 15 28 400 28.247989589420403 3.875057722148864 1.0
EDGE: 252 15 29 400 81.23758974048121 5.709955687148697 1.0
EDGE: 253 15 30 100 82.5197897889436 7.472617533335902 1.0
EDGE: 254 15 31 400 95.92678706951445 3.8876331266944337 1.0
EDGE: 255 15 32 900 23.32691399595905 1.9551533178966514 1.0
EDGE: 256 16 33 200 76.3804931285714 4.852711793665213 1.0
EDGE: 257 16 34 200 48.83286247086694 6.714246640280948 1.0
EDGE: 258 16 35 0 46.5994873040591 3.442775953386418 1.0
EDGE: 259 16 36 300 80.29070933105747 14.415352185852223 1.0
EDGE: 260 16 37 0 46.27870575403257 12.359793081334207 1.0
EDGE: 261 16 38 300 87.92686143327421 5.822358124267413 1.0
EDGE: 262 16 39 0 78.18178859892798 18.503921812065833 1.0
EDGE: 263 16 40 300 48.37084444254621 15.319351575323683 1.0
EDGE: 264 16 41 100 95.75305246294717 5.330695428440473 1.0
EDGE: 265 16 42 200 64.13891317022546 17.719431486224863 1.0
EDGE: 266 16 43 200 77.72469232179098 13.69642804854888 1.0
EDGE: 267 16 44 100 28.179306397719454 19.70041752868647 1.0
EDGE: 268 16 45 300 78.97705449864134 9.406681678644622 1.0
EDGE: 269 16 46 300 38.98697746662063 2.957289822097562 1.0
EDGE: 270 16 47 100 79.4097532481333 14.432643129788556 1.0
EDGE: 271 16 48 400 94.29556519598518 16.911210497695826 1.0
EDGE: 272 16 49 100 15.081482828501084 13.510252505525099 1.0
EDGE: 273 16 50 100 43.85448401667313 1.5649705451970508 1.0
EDGE: 274 16 51 500 38.376299513296004 7.586924472445279 1.0
EDGE: 275 16 52 0 84.29886904975525 8.84469950853738 1.0
EDGE: 276 16 53 500 86.45422477230787 1.330712089933844 1.0
EDGE: 277 16 54 100 31.620270441600486 13.517689824270427 1.0
EDGE: 278 16 55 400 19.743946084744778 1.6667505888075822 1.0
EDGE: 279 17 33 100 39.24583871761973 10.52617351083861 1.0
EDGE: 280 17 34 100 84.73545655601895 14.055828185482575 1.0
EDGE: 281 17 35 100 52.233849199174315 17.326898896990883 1.0
EDGE: 282 17 36 200 37.83043058831341 8.979927691623896 1.0
EDGE: 283 17 37 200 80.59338570023851 3.576346937859665 1.0
EDGE: 284 17 38 0 59.50814391921674 6.849581900645597 1.0
EDGE: 285 17 39 0 67.23596248144229 3.2514363641404542 1.0
EDGE: 286 17 40 200 40.564766794556576 16.297887501941716 1.0
EDGE: 287 17 41 400 38.566933511830726 4.045555938837669 1.0
EDGE: 288 17 42 0 54.68383255474886 2.5760175314344673 1.0
EDGE: 289 17 43 200 78.22447136872744 11.629771792970907 1.0
EDGE: 290 17 44 100 84.09569497809176 10.515082913322646 1.0
EDGE: 291 17 45 400 46.97395610885905 7.1190510874868265 1.0
EDGE: 292 17 46 300 57.58377733087325 1.2691798457127006 1.0
EDGE: 293 17 47 500 74.26555308836704 14.833345301256816 1.0
EDGE: 294 17 48 200 22.595459324781988 11.804472877210339 1.0
EDGE: 295 17 49 0 79.46283012314763 8.193382178262366 1.0
EDGE: 296 17 50 0 25.715364027802906 15.849150285594073 1.0
EDGE: 297 17 51 400 23.250197661011722 13.340999299893014 1.0
EDGE: 298 17 52 100 18.25889696405733 9.769104578430229 1.0
EDGE: 299 17 53 400 92.22699486446348 14.823877800047903 1.0
EDGE: 300 17 54 100 36.24384303466567 15.584172886457472 1.0
EDGE: 301 17 55 500 42.19603545044066 13.434505083695921 1.0
EDGE: 302 18 33 400 26.49781783925545 2.089787663062767 1.0
EDGE: 303 18 34 0 98.1544261275316 2.0432201119493056 1.0
EDGE: 304 18 35 300 63.15939713510335 14.798876849068835 1.0
EDGE: 305 18 36 200 71.49446544204163 10.01518243011547 1.0
EDGE: 306 18 37 500 11.330736436236183 12.168862075861623 1.0
EDGE: 307 18 38 0 37.42242983845383 10.551107601582501 1.0
EDGE: 308 18 39 100 57.13949711340455 12.32859165954028 1.0
EDGE: 309 18 40 200 88.10309296713491 3.041613196784737 1.0
EDGE: 310 18 41 0 35.96787825676107 19.270060781266054 1.0
EDGE: 311 18 42 0 29.537736094516713 17.275019557275225 1.0
EDGE: 312 18 43 100 13.106582061545586 19.219755181809475 1.0
EDGE: 313 18 44 400 92.68350168357482 19.088449059468374 1.0
EDGE: 314 18 45 300 93.59151803357932 19.654465244592014 1.0
EDGE: 315 18 46 300 61.82191036119386 5.802067956518569 1.0
EDGE: 316 18 47 400 70.48105298775062 13.176416846054805 1.0
EDGE: 317 18 48 400 95.68430683900046 14.526312116360533 1.0
EDGE: 318 18 49 0 83.33163024120492 19.212555230573315 1.0
EDGE: 319 18 50 500 59.3420892024184 18.18194597213536 1.0
EDGE: 320 18 51 200 61.12956832718312 19.25283465899693 1.0
EDGE: 321 18 52 300 57.36953742594592 11.822790199025704 1.0
EDGE: 322 18 53 500 66.43684318520548 5.0923513620815575 1.0
EDGE: 323 18 54 300 21.287007687064516 7.600970689627823 1.0
EDGE: 324 18 55 400 80.00867152961989 3.292164762037606 1.0
EDGE: 325 19 33 400 96.7923478993621 3.464525332811103 1.0
EDGE: 326 19 34 100 37.64071745712285 19.823653411806376 1.0
EDGE: 327 19 35 400 88.7883486464899 14.427217346044978 1.0
EDGE: 328 19 36 200 53.503711161524684 5.611244811284886 1.0
EDGE: 329 19 37 0 24.71399977739967 13.000395771413745 1.0
EDGE: 330 19 38 300 66.72332394459198 5.43836965538211 1.0
EDGE: 331 19 39 500 49.18741445369094 10.126748912517552 1.0
EDGE: 332 19 40 100 60.4630796740594 11.431473302880299 1.0
EDGE: 333 19 41 300 45.468198285589175 18.705792596529346 1.0
EDGE: 334 19 42 400 45.26814352488247 16.086942806840987 1.0
EDGE: 335 19 43 100 31.747095172533317 7.550939463289107 1.0
EDGE: 336 19 44 500 10.927774189794011 4.555779039625682 1.0
EDGE: 337 19 45 200 62.7707149775364 15.367989891655927 1.0
EDGE: 338 19 46 400 73.61427838357889 10.650867864878888 1.0
EDGE: 339 19 47 100 99.80915788749071 10.094890906560279 1.0
EDGE: 340 19 48 500 77.55625583878646 4.791688241644277 1.0
EDGE: 341 19 49 300 64.47433857692488 14.692606932880711 1.0
EDGE: 342 19 50 400 93.00397026453429 13.851303710227018 1.0
EDGE: 343 19 51 0 44.39684447339948 18.22694321870716 1.0
EDGE: 344 19 52 0 34.744632454465744 3.620481798341518 1.0
EDGE: 345 19 53 300 11.269119842660496 12.831167634408475 1.0
EDGE: 346 19 54 400 67.92543839158958 9.353779728178846 1.0
EDGE: 347 19 55 100 54.26279188682609 7.889278040312775 1.0
EDGE: 348 20 33 200 70.44214518330311 16.612448748789785 1.0
EDGE: 349 20 34 400 84.32795672526395 10.529750029218812 1.0
EDGE: 350 20 35 100 43.651025662670406 11.368993351002327 1.0
EDGE: 351 20 36 400 57.38224480419623 4.269618606793357 1.0
EDGE: 352 20 37 0 55.6619784542864 15.088233017755508 1.0
EDGE: 353 20 38 400 76.89745879425563 19.398731305732447 1.0
EDGE: 354 20 39 100 33.97065378681407 1.2497071554603827 1.0
EDGE: 355 20 40 300 28.89160553368647 13.444019077128809 1.0
EDGE: 356 20 41 100 16.687361792241777 12.526272982685503 1.0
EDGE: 357 20 42 200 44.83415195678839 6.803627692681528 1.0
EDGE: 358 20 43 500 54.12060278682785 4.583732350263671 1.0
EDGE: 359 20 44 400 50.47227895608644 11.390752462164478 1.0
EDGE: 360 20 45 100 54.973016448631 11.216336278190091 1.0
EDGE: 361 20 46 100 11.085985246049448 16.877025086913918 1.0
EDGE: 362 20 47 300 73.9075887160414 14.28301096926543 1.0
EDGE: 363 20 48 500 76.1798305995425 18.875287667895073 1.0
EDGE: 364 20 49 0 29.74188314735982 8.659145732753077 1.0
EDGE: 365 20 50 100 29.119140349983788 2.1516065112558924 1.0
EDGE: 366 20 51 100 26.0281657406906 16.16879040015192 1.0
EDGE: 367 20 52 500 79.71847058867561 5.706363722709548 1.0
EDGE: 368 20 53 300 38.2771798959124 16.21210309103707 1.0
EDGE: 369 20 54 300 20.29017271408603 2.3142714477970774 1.0
EDGE: 370 20 55 300 94.58343045970875 12.552892372044004 1.0
EDGE: 371 21 33 100 88.16083463432662 13.863156233960837 1.0
EDGE: 372 21 34 400 28.909765051377995 4.4811018865612295 1.0
EDGE: 373 21 35 500 60.163448678991195 14.581350019379364 1.0
EDGE: 374 21 36 300 68.78905193125414 15.315073429228125 1.0
EDGE: 375 21 37 200 57.113086874362146 14.993538197275928 1.0
EDGE: 376 21 38 200 31.70081972296758 12.95843866621848 1.0
EDGE: 377 21 39 400 78.77390882771587 2.1949081971419115 1.0
EDGE: 378 21 40 400 56.880595890017524 17.976482128774947 1.0
EDGE: 379 21 41 400 82.3253291428395 5.783434167679037 1.0
EDGE: 380 21 42 200 61.81983408831828 15.406814497653397 1.0
EDGE: 381 21 43 100 99.83512870880284 12.540152952467176 1.0
EDGE: 382 21 44 0 85.21417735347522 13.269208007409446 1.0
EDGE: 383 21 45 500 92.74733611354569 8.6972673678448 1.0
EDGE: 384 21 46 0 10.617915728496707 6.489430015404487 1.0
EDGE: 385 21 47 300 73.89270576911608 15.3839230556639 1.0
EDGE: 386 21 48 500 67.56242217107166 8.701924441048018 1.0
EDGE: 387 21 49 200 60.0295767553279 6.589502706263141 1.0
EDGE: 388 21 50 200 19.396399194581075 15.146178960446989 1.0
EDGE: 389 21 51 300 70.42295170916627 2.73428010217319 1.0
EDGE: 390 21 52 200 99.60573282246622 11.621627803540065 1.0
EDGE: 391 21 53 400 49.46958043726113 10.687281033801774 1.0
EDGE: 392 21 54 0 30.870780275151272 16.215929029814653 1.0
EDGE: 393 21 55 500 63.876897637041594 17.821189998586572 1.0
EDGE: 394 22 33 100 43.618881934173025 12.27146485563534 1.0
EDGE: 395 22 34 0 67.40358800450277 5.4441498764245155 1.0
EDGE: 396 22 35 0 93.32995015425328 15.804901219622053 1.0
EDGE: 397 22 36 400 78.66961671480968 8.698299013745919 1.0
EDGE: 398 22 37 400 68.35289797532408 12.344660113742588 1.0
EDGE: 399 22 38 0 20.043532751834764 7.764885406307219 1.0
EDGE: 400 22 39 0 22.490756952480336 15.901140158752725 1.0
EDGE: 401 22 40 200 18.114848874688633 9.96580481960837 1.0
EDGE: 402 22 41 200 29.11228403624355 13.53453314764629 1.0
EDGE: 403 22 42 100 98.75932514335587 3.101408907255083 1.0
EDGE: 404 22 43 100 86.04786313521517 19.73508095409333 1.0
EDGE: 405 22 44 200 32.3049524154209 16.114418416606284 1.0
EDGE: 406 22 45 400 73.02753415056344 13.580611328061737 1.0
EDGE: 407 22 46 400 16.80645804212994 14.919797875982347 1.0
EDGE: 408 22 47 200 55.91892762177988 11.386205893945457 1.0
EDGE: 409 22 48 100 29.936150962893667 11.990422747504535 1.0
EDGE: 410 22 49 200 84.52296928910528 19.3108333525144 1.0
EDGE: 411 22 50 400 22.498908980461632 13.03839133457128 1.0
EDGE: 412 22 51 300 93.18509985500086 14.135799361715804 1.0
EDGE: 413 22 52 200 89.07911535758899 17.8818230451191 1.0
EDGE: 414 22 53 0 85.97988833166183 10.179852184766471 1.0
EDGE: 415 22 54 200 43.82738171559149 12.336984682596439 1.0
EDGE: 416 22 55 0 90.72681443180038 9.065792607783987 1.0
EDGE: 417 23 33 300 11.89483420075813 6.725592169800548 1.0
EDGE: 418 23 34 100 18.59502395839522 13.803425941347092 1.0
EDGE: 419 23 35 500 69.52282202724159 10.337124989113606 1.0
EDGE: 420 23 36 500 38.5549151285618 8.403705316038426 1.0
EDGE: 421 23 37 100 48.295807257484945 6.93600881326711 1.0
EDGE: 422 23 38 200 28.43431083692609 17.9889056435312 1.0
EDGE: 423 23 39 0 11.565290234939242 1.1534946918257218 1.0
EDGE: 424 23 40 100 16.837078146416875 8.113677311711928 1.0
EDGE: 425 23 41 400 43.55256104608614 1.3540915415688315 1.0
EDGE: 426 23 42 200 42.68197616339773 13.761815729497123 1.0
EDGE: 427 23 43 300 84.13810393387784 18.316389790550197 1.0
EDGE: 428 23 44 300 41.61955670467958 19.233599328861832 1.0
EDGE: 429 23 45 300 24.845457780101487 11.818121457570332 1.0
EDGE: 430 23 46 400 31.08493445260424 7.888530016322455 1.0
EDGE: 431 23 47 500 34.027333427242084 6.965296357135427 1.0
EDGE: 432 23 48 500 78.24423021862026 16.458331654173353 1.0
EDGE: 433 23 49 0 21.761835884352404 17.85526551563977 1.0
EDGE: 434 23 50 300 97.59249931767557 14.395037874060142 1.0
EDGE: 435 23 51 400 57.466568718174905 9.91355247977265 1.0
EDGE: 436 23 52 400 87.46097214317714 3.4690215472854464 1.0
EDGE: 437 23 53 300 65.73844520469508 3.994289022100492 1.0
EDGE: 438 23 54 200 87.19139949882671 15.581807831507302 1.0
EDGE: 439 23 55 0 28.42703115158175 12.084113053710018 1.0
EDGE: 440 24 33 500 59.23532910653069 14.508510519294282 1.0
EDGE: 441 24 34 500 53.449209768528306 12.199361426715285 1.0
EDGE: 442 24 35 500 12.936119928290628 16.034742526542445 1.0
EDGE: 443 24 36 400 53.352988802084795 3.8164025544606046 1.0
EDGE: 444 24 37 500 79.25150798077932 4.702837556558622 1.0
EDGE: 445 24 38 200 59.138289262309506 18.92495979359519 1.0
EDGE: 446 24 39 0 88.17454167989747 9.132229389423117 1.0
EDGE: 447 24 40 100 57.342473596470164 6.544261314384528 1.0
EDGE: 448 24 41 100 23.110684971314036 18.628835600147568 1.0
EDGE: 449 24 42 400 60.89847342424345 7.291863015042334 1.0
EDGE: 450 24 43 400 48.96891366036005 17.548282670651915 1.0
EDGE: 451 24 44 100 66.7733182755392 13.344990257281317 1.0
EDGE: 452 24 45 100 93.22461593777184 19.627821988735775 1.0
EDGE: 453 24 46 300 25.89486040182956 15.884239174864339 1.0
EDGE: 454 24 47 500 61.712108433055924 8.251780635558786 1.0
EDGE: 455 24 48 200 63.374517889229416 5.859483757037253 1.0
EDGE: 456 24 49 100 83.40456739258356 16.365382440263065 1.0
EDGE: 457 24 50 500 39.533872047895514 2.667829317064017 1.0
EDGE: 458 24 51 100 20.93921514793383 14.501797500916492 1.0
EDGE: 459 24 52 300 84.74288296794484 19.083460388038773 1.0
EDGE: 460 24 53 100 26.14555409551853 2.137247864553302 1.0
EDGE: 461 24 54 0 73.57757598026589 8.529222948390288 1.0
EDGE: 462 24 55 300 72.33444476711135 18.339026857685496 1.0
EDGE: 463 25 33 300 76.30500918052893 16.529785763349757 1.0
EDGE: 464 25 34 500 17.605897325823626 1.421266413430025 1.0
EDGE: 465 25 35 400 68.20330434678213 2.936227964409978 1.0
EDGE: 466 25 36 300 65.93332009352125 2.073301251402359 1.0
EDGE: 467 25 37 400 79.72458292489571 3.2618893009460095 1.0
EDGE: 468 25 38 500 75.28208840925467 5.17546949427957 1.0
EDGE: 469 25 39 400 13.00861154046549 10.219334857539398 1.0
EDGE: 470 25 40 100 54.52021698727959 7.26720183308723 1.0
EDGE: 471 25 41 500 82.75496451327268 6.2982733608356485 1.0
EDGE: 472 25 42 200 73.37896487607517 13.382228774280042 1.0
EDGE: 473 25 43 100 71.9615205734044 12.974272800498236 1.0
EDGE: 474 25 44 400 82.22118233847556 1.7157669990154836 1.0
EDGE: 475 25 45 200 25.53710729010197 7.8881197077014775 1.0
EDGE: 476 25 46 300 70.87520126167894 4.338510828664591 1.0
EDGE: 477 25 47 300 77.29609767194871 3.085662559821784 1.0
EDGE: 478 25 48 500 28.292096522160623 19.9222899685202 1.0
EDGE: 479 25 49 400 98.34278384885252 12.157986362574803 1.0
EDGE: 480 25 50 300 87.2841179025981 11.192221930284315 1.0
EDGE: 481 25 51 300 57.35333162388251 18.871759869185176 1.0
EDGE: 482 25 52 400 91.10212199749078 16.57021336880434 1.0
EDGE: 483 25 53 100 25.76312538271374 7.629599231932699 1.0
EDGE: 484 25 54 100 91.10979096408994 11.224649350717248 1.0
EDGE: 485 25 55 200 43.367327935858604 6.850293934053599 1.0
EDGE: 486 26 33 300 67.31248029581414 12.49111530588233 1.0
EDGE: 487 26 34 500 82.34246142867777 6.1087366739252404 1.0
EDGE: 488 26 35 200 65.99848046310902 17.378995067653477 1.0
EDGE: 489 26 36 200 10.196813107229621 11.625401209219543 1.0
EDGE: 490 26 37 0 81.25053124616565 10.628790743798984 1.0
EDGE: 491 26 38 500 14.657495544279733 15.445212239490967 1.0
EDGE: 492 26 39 100 19.585372933903415 1.535003718849822 1.0
EDGE: 493 26 40 500 86.00195639635007 19.395651193323367 1.0
EDGE: 494 26 41 100 19.479176566393747 14.499426068710205 1.0
EDGE: 495 26 42 500 54.84177198999521 12.66394298942869 1.0
EDGE: 496 26 43 500 70.03663940678695 1.0296823961165307 1.0
EDGE: 497 26 44 200 85.86650170327462 15.583164381918198 1.0
EDGE: 498 26 45 400 55.56156971500755 6.647866413142429 1.0
EDGE: 499 26 46 100 20.555464933250434 2.9671196669443027 1.0
EDGE: 500 26 47 500 25.286787912968112 18.924118083338293 1.0
EDGE: 501 26 48 300 34.36520621609151 19.083828749325612 1.0
EDGE: 502 26 49 100 60.02112596877482 10.59998041194483 1.0
EDGE: 503 26 50 300 56.40048548017994 3.107466409862866 1.0
EDGE: 504 26 51 200 29.971359465749664 12.516385802039007 1.0
EDGE: 505 26 52 300 12.076603925801729 7.63860470844879 1.0
EDGE: 506 26 53 100 10.496873629757799 17.811111772856943 1.0
EDGE: 507 26 54 400 91.78087904248886 15.63259354153172 1.0
EDGE: 508 26 55 500 75.05489979232166 17.600550154149957 1.0
EDGE: 509 27 33 300 91.04106785820626 9.825928033132355 1.0
EDGE: 510 27 34 0 97.09408936484559 17.110633374966145 1.0
EDGE: 511 27 35 200 40.20856869525717 3.500447262562511 1.0
EDGE: 512 27 36 400 35.1542812474478 18.971763517885 1.0
EDGE: 513 27 37 100 44.16419985654816 12.175203806578274 1.0
EDGE: 514 27 38 100 27.9302599225749 3.142586766170268 1.0
EDGE: 515 27 39 500 65.05437814101256 7.565851288775986 1.0
EDGE: 516 27 40 300 98.5573031599542 13.677454809598592 1.0
EDGE: 517 27 41 200 43.565508352326454 13.901394651721581 1.0
EDGE: 518 27 42 500 99.8763574867465 11.30242164043152 1.0
EDGE: 519 27 43 0 56.74438859480477 17.438141143154766 1.0
EDGE: 520 27 44 400 14.93662895006642 10.514614332506682 1.0
EDGE: 521 27 45 200 52.8724391678508 10.760704234493126 1.0
EDGE: 522 27 46 200 29.493422631866906 17.669826093354693 1.0
EDGE: 523 27 47 0 76.4015994154296 4.20989492395191 1.0
EDGE: 524 27 48 200 85.75902447832551 13.273171456366917 1.0
EDGE: 525 27 49 200 28.45966882598219 12.527352500943575 1.0
EDGE: 526 27 50 0 89.16445823317676 17.43765062887132 1.0
EDGE: 527 27 51 100 10.932909246609315 10.55675417870886 1.0
EDGE: 528 27 52 500 72.38990902547127 16.22546498655703 1.0
EDGE: 529 27 53 500 74.63375491492778 8.591445904132392 1.0
EDGE: 530 27 54 200 93.42164304844503 6.336926624834929 1.0
EDGE: 531 27 55 500 14.561390175486775 3.7083435194056986 1.0
EDGE: 532 28 33 400 26.893223597158435 2.3618091953330778 1.0
EDGE: 533 28 34 0 57.763067735685134 5.1779413467324895 1.0
EDGE: 534 28 35 500 60.468850889931865 7.557979399088444 1.0
EDGE: 535 28 36 0 71.80390519985241 13.79027892791046 1.0
EDGE: 536 28 37 300 30.526610518535715 10.872154241218324 1.0
EDGE: 537 28 38 500 74.35305620576382 10.686702565301301 1.0
EDGE: 538 28 39 100 73.89948812701276 1.6676320538558544 1.0
EDGE: 539 28 40 200 76.89400127832644 16.037271971340154 1.0
EDGE: 540 28 41 200 54.93190230703072 17.37383460627622 1.0
EDGE: 541 28 42 200 18.066807115497 16.653651645877837 1.0
EDGE: 542 28 43 300 19.609635437866878 16.022507318070783 1.0
EDGE: 543 28 44 0 24.650153735900982 3.377330352016508 1.0
EDGE: 544 28 45 400 81.02091915278866 16.385420415175922 1.0
EDGE: 545 28 46 100 90.69093864063045 2.8330155293447277 1.0
EDGE: 546 28 47 200 52.906513256244665 3.178418469296963 1.0
EDGE: 547 28 48 400 87.78929027575087 11.887045590549482 1.0
EDGE: 548 28 49 200 70.5565971349891 11.546654507165442 1.0
EDGE: 549 28 50 500 52.04677916087438 13.900661702552954 1.0
EDGE: 550 28 51 400 40.812254149508725 11.795859102951791 1.0
EDGE: 551 28 52 200 85.68564757094134 13.61798298907885 1.0
EDGE: 552 28 53 100 15.429406270353294 18.084487010518085 1.0
EDGE: 553 28 54 0 43.84688435804633 13.278532842920399 1.0
EDGE: 554 28 55 400 94.56297475187283 13.541581697999714 1.0
EDGE: 555 29 33 200 99.57493026118091 9.29415617954493 1.0
EDGE: 556 29 34 500 19.62909527421612 11.025204446670518 1.0
EDGE: 557 29 35 200 62.49685571343094 17.580172064403417 1.0
EDGE: 558 29 36 200 77.30319217984027 3.4862727649722203 1.0
EDGE: 559 29 37 0 29.20379180063523 7.380604801483621 1.0
EDGE: 560 29 38 0 98.91174358814723 18.652648692538396 1.0
EDGE: 561 29 39 100 15.842466439327076 8.177342586989257 1.0
EDGE: 562 29 40 500 21.975519886272863 3.498321886654762 1.0
EDGE: 563 29 41 300 25.924613687472565 13.023057614216773 1.0
EDGE: 564 29 42 0 13.162129391300756 9.712533869988382 1.0
EDGE: 565 29 43 0 48.862107585275 9.387741971270339 1.0
EDGE: 566 29 44 400 64.4056892211963 16.1336828111473 1.0
EDGE: 567 29 45 500 47.23561056778364 17.35869534110208 1.0
EDGE: 568 29 46 100 76.45140353720953 1.8628553584642493 1.0
EDGE: 569 29 47 200 13.30454828399332 19.783810210295265 1.0
EDGE: 570 29 48 400 26.58289334658006 14.521830136324144 1.0
EDGE: 571 29 49 300 17.766244450069355 15.698002911887198 1.0
EDGE: 572 29 50 400 19.790082156517038 1.8703919216942666 1.0
EDGE: 573 29 51 500 16.27199739653304 15.122627573426621 1.0
EDGE: 574 29 52 0 45.1354286946593 15.747807763545364 1.0
EDGE: 575 29 53 500 11.707946018639618 7.07771945526896 1.0
EDGE: 576 29 54 300 91.57635457288552 15.05330165628507 1.0
EDGE: 577 29 55 400 22.74849270818635 13.396913668649173 1.0
EDGE: 578 30 33 400 40.00165073360424 19.230373792133673 1.0
EDGE: 579 30 34 500 51.69015310420722 3.6848788220450635 1.0
EDGE: 580 30 35 400 30.739691109378498 19.469813319373333 1.0
EDGE: 581 30 36 300 87.073587500299 2.5071131425421145 1.0
EDGE: 582 30 37 100 48.29625409882138 9.596236616858754 1.0
EDGE: 583 30 38 0 19.101665641124278 2.651945310372278 1.0
EDGE: 584 30 39 300 97.57977827796013 9.35300949630945 1.0
EDGE: 585 30 40 100 88.36136199062841 6.054580333725232 1.0
EDGE: 586 30 41 200 28.371849597244097 14.550384634966461 1.0
EDGE: 587 30 42 100 80.85729900635064 5.72304275283775 1.0
EDGE: 588 30 43 100 67.30075117725997 3.291704581154909 1.0
EDGE: 589 30 44 200 94.86474019623249 11.755851979579447 1.0
EDGE: 590 30 45 0 79.07586423615014 18.242513101778734 1.0
EDGE: 591 30 46 200 57.60986457390095 1.2912785225147823 1.0
EDGE: 592 30 47 300 11.240755955663507 7.657416012822001 1.0
EDGE: 593 30 48 300 52.28511959496353 18.97802142453981 1.0
EDGE: 594 30 49 200 39.20275421822278 5.629540632129538 1.0
EDGE: 595 30 50 300 28.407460720964195 13.307158352733145 1.0
EDGE: 596 30 51 300 30.79681216487727 1.7774300409051462 1.0
EDGE: 597 30 52 300 11.027318279433352 5.895198899808474 1.0
EDGE: 598 30 53 300 42.14151816236229 14.334223133493591 1.0
EDGE: 599 30 54 100 56.79606690962085 17.558099190176538 1.0
EDGE: 600 30 55 100 69.04499042666998 11.353959331544235 1.0
EDGE: 601 31 33 300 37.39983356847913 15.766070190297373 1.0
EDGE: 602 31 34 300 90.71854340730853 13.49985653558491 1.0
EDGE: 603 31 35 200 73.36745760796398 19.819031446084267 1.0
EDGE: 604 31 36 300 25.05589669561082 13.629397651078165 1.0
EDGE: 605 31 37 400 33.760402017846275 10.83254760167632 1.0
EDGE: 606 31 38 100 47.235741812177956 18.14107978286874 1.0
EDGE: 607 31 39 500 49.752430015654035 1.374097865169781 1.0
EDGE: 608 31 40 300 35.9054919515515 6.79766355850976 1.0
EDGE: 609 31 41 200 52.60688564052163 16.339515350941895 1.0
EDGE: 610 31 42 500 83.70401595760255 11.490766057299252 1.0
EDGE: 611 31 43 0 59.05933955893701 7.409445756352286 1.0
EDGE: 612 31 44 0 71.38118764270159 6.161644006981506 1.0
EDGE: 613 31 45 200 69.61346891401533 13.17566669084762 1.0
EDGE: 614 31 46 300 17.27202557261945 7.843010300261705 1.0
EDGE: 615 31 47 200 87.75794784899185 7.777111028130159 1.0
EDGE: 616 31 48 500 56.383289969492836 14.53672497220824 1.0
EDGE: 617 31 49 400 70.61216322182972 6.635438289075601 1.0
EDGE: 618 31 50 0 95.8502816799533 18.392210060937465 1.0
EDGE: 619 31 51 0 94.00859182078621 14.629998983232177 1.0
EDGE: 620 31 52 500 26.02173333008179 14.400422273042718 1.0
EDGE: 621 31 53 100 47.519622081877024 14.802034925659086 1.0
EDGE: 622 31 54 200 38.930532920422294 5.568240095775001 1.0
EDGE: 623 31 55 400 87.436653265321 10.427956917910558 1.0
EDGE: 624 32 33 500 88.4081371256558 10.288099135876067 1.0
EDGE: 625 32 34 400 38.20927453792025 5.05154974641413 1.0
EDGE: 626 32 35 0 68.60047825463258 6.367721143749878 1.0
EDGE: 627 32 36 200 95.35234551906969 18.814939799925025 1.0
EDGE: 628 32 37 0 60.143165138422304 16.93478564990349 1.0
EDGE: 629 32 38 100 75.32877202017163 16.178177948964898 1.0
EDGE: 630 32 39 300 15.753794642572753 16.181381320242483 1.0
EDGE: 631 32 40 0 60.41582066337391 4.867272281121627 1.0
EDGE: 632 32 41 0 79.49920826940162 2.663084966224854 1.0
EDGE: 633 32 42 500 89.06274398118282 19.640524042923595 1.0
EDGE: 634 32 43 200 56.495465619511236 3.617511403582702 1.0
EDGE: 635 32 44 0 74.74757242336197 13.213001523726138 1.0
EDGE: 636 32 45 200 82.29838057773901 6.517176291613437 1.0
EDGE: 637 32 46 100 78.84085761316129 4.429003108908182 1.0
EDGE: 638 32 47 400 63.74242484979369 8.821516420799117 1.0
EDGE: 639 32 48 300 95.48417164676398 2.522346927476315 1.0
EDGE: 640 32 49 400 75.48580783441652 1.6429122704152 1.0
EDGE: 641 32 50 200 58.99121316266833 10.054335914836772 1.0
EDGE: 642 32 51 100 49.01952874013793 11.791556312960113 1.0
EDGE: 643 32 52 0 86.77929480004097 12.869240104224593 1.0
EDGE: 644 32 53 200 83.39826022288791 8.41400834804116 1.0
EDGE: 645 32 54 200 93.33903259790728 3.1571371816936287 1.0
EDGE: 646 32 55 100 29.450814526529797 17.190285447818056 1.0
EOF
