NAME : null
NBR_NODES: 50
NBR_EDGES: 225
T: 161.1039508746435
# NODE: i x_i y_i b_i g_i s_i
# x_i, y_i : x, y of node i
# b_i : demand of node_i, <0 for depot, >0 for client, =0 for platforms
# g_i : cost for using node i, >0 only for platforms
# s_i : time for crossing node _i, >0 only for platforms
NODE: 1 10 10 -11 0.0 0.0
NODE: 2 10 20 -14 0.0 0.0
NODE: 3 10 30 -17 0.0 0.0
NODE: 4 10 40 -17 0.0 0.0
NODE: 5 10 50 -15 0.0 0.0
NODE: 6 10 60 -17 0.0 0.0
NODE: 7 10 70 -12 0.0 0.0
NODE: 8 10 80 -8 0.0 0.0
NODE: 9 10 90 -12 0.0 0.0
NODE: 10 10 100 -6 0.0 0.0
NODE: 11 10 110 -10 0.0 0.0
NODE: 12 10 120 -14 0.0 0.0
NODE: 13 10 130 -8 0.0 0.0
NODE: 14 10 140 -6 0.0 0.0
NODE: 15 10 150 -14 0.0 0.0
NODE: 16 10 160 -11 0.0 0.0
NODE: 17 10 170 -6 0.0 0.0
NODE: 18 10 180 -16 0.0 0.0
NODE: 19 10 190 -16 0.0 0.0
NODE: 20 10 200 -11 0.0 0.0
NODE: 21 50 10 0 57.56967343222831 1.0
NODE: 22 50 20 0 64.02060193366768 1.0
NODE: 23 50 30 0 48.07159012707154 1.0
NODE: 24 50 40 0 37.76908707471638 1.0
NODE: 25 50 50 0 31.387195265159946 1.0
NODE: 26 100 10 6 0.0 0.0
NODE: 27 100 20 10 0.0 0.0
NODE: 28 100 30 10 0.0 0.0
NODE: 29 100 40 5 0.0 0.0
NODE: 30 100 50 6 0.0 0.0
NODE: 31 100 60 9 0.0 0.0
NODE: 32 100 70 11 0.0 0.0
NODE: 33 100 80 5 0.0 0.0
NODE: 34 100 90 5 0.0 0.0
NODE: 35 100 100 13 0.0 0.0
NODE: 36 100 110 9 0.0 0.0
NODE: 37 100 120 14 0.0 0.0
NODE: 38 100 130 12 0.0 0.0
NODE: 39 100 140 12 0.0 0.0
NODE: 40 100 150 13 0.0 0.0
NODE: 41 100 160 12 0.0 0.0
NODE: 42 100 170 6 0.0 0.0
NODE: 43 100 180 8 0.0 0.0
NODE: 44 100 190 12 0.0 0.0
NODE: 45 100 200 13 0.0 0.0
NODE: 46 100 210 14 0.0 0.0
NODE: 47 100 220 6 0.0 0.0
NODE: 48 100 230 8 0.0 0.0
NODE: 49 100 240 6 0.0 0.0
NODE: 50 100 250 16 0.0 0.0
# EDGE: k i j u_ij c_ij h_ij t_ij
# i : starting node of edge k
# j : ending node of edge k
# u_ij : capacity of edge (i,j)
# c_ij : fixed cost for the use of (i,j)
# h_ij : unit cost for (i,j)
# t_ij : delivery time for (i,j)
EDGE: 1 1 21 600 97.42559082765777 11.519392270815823 1.0
EDGE: 2 1 22 1500 21.567858614218203 2.0197176733408235 1.0
EDGE: 3 1 23 1500 52.34019290005968 15.961722240076199 1.0
EDGE: 4 1 24 200 68.08458199168888 4.778864699613825 1.0
EDGE: 5 1 25 600 92.4284942019769 16.241489028994454 1.0
EDGE: 6 2 21 700 94.22803444552733 19.313661130064038 1.0
EDGE: 7 2 22 900 69.3393279312707 18.71000524042249 1.0
EDGE: 8 2 23 400 47.58272511686761 15.093076479751511 1.0
EDGE: 9 2 24 500 17.10225099881074 2.925019680694593 1.0
EDGE: 10 2 25 1500 87.47317431258799 17.654280611326683 1.0
EDGE: 11 3 21 2500 82.37338545241832 7.178857885213957 1.0
EDGE: 12 3 22 700 22.409767754982788 16.382095796134195 1.0
EDGE: 13 3 23 1900 78.7785269182055 6.985239601039743 1.0
EDGE: 14 3 24 1900 88.83891007584579 15.002987512195837 1.0
EDGE: 15 3 25 1000 35.39261913060159 11.72399744095167 1.0
EDGE: 16 4 21 2600 42.48657478223789 6.367813557425894 1.0
EDGE: 17 4 22 500 71.89464433676753 11.392909952489202 1.0
EDGE: 18 4 23 2200 36.08428924788923 18.847546880381643 1.0
EDGE: 19 4 24 1700 25.436978355270444 18.16587232551513 1.0
EDGE: 20 4 25 1100 29.766645922538192 6.416197227782464 1.0
EDGE: 21 5 21 300 86.76830366061535 15.206617557117504 1.0
EDGE: 22 5 22 2400 82.92936959597836 5.245139791487766 1.0
EDGE: 23 5 23 1200 35.64911116859574 9.937215685791685 1.0
EDGE: 24 5 24 1000 28.837024533040793 15.383084589390092 1.0
EDGE: 25 5 25 2800 88.09886733025343 13.710559808446549 1.0
EDGE: 26 6 21 1000 25.76941344450735 1.8458898082774886 1.0
EDGE: 27 6 22 2100 90.51392481861934 2.5860666337376887 1.0
EDGE: 28 6 23 600 80.99574071079388 15.190448454729529 1.0
EDGE: 29 6 24 2900 28.195199101293397 13.657802125565018 1.0
EDGE: 30 6 25 600 86.3655991994739 18.396863008544642 1.0
EDGE: 31 7 21 1700 68.32471667567718 4.13425928243244 1.0
EDGE: 32 7 22 300 36.80582828304829 18.63312737392991 1.0
EDGE: 33 7 23 800 89.9300713415152 17.119000163678407 1.0
EDGE: 34 7 24 1700 35.51233659619624 5.226533795732587 1.0
EDGE: 35 7 25 800 25.875853383870805 5.7913828380285715 1.0
EDGE: 36 8 21 900 72.12591098737553 16.916027008726253 1.0
EDGE: 37 8 22 200 24.421134309297976 2.4365948500684276 1.0
EDGE: 38 8 23 800 32.681116603395346 1.209719748204992 1.0
EDGE: 39 8 24 500 90.38203110464788 12.524208076084934 1.0
EDGE: 40 8 25 900 62.61732766674076 7.421790898971316 1.0
EDGE: 41 9 21 1300 58.43845613059995 6.7844738752153635 1.0
EDGE: 42 9 22 900 76.64094091064382 5.712986214973551 1.0
EDGE: 43 9 23 1300 53.624081313222334 8.981583458185618 1.0
EDGE: 44 9 24 1300 21.72785884089061 16.20893708267603 1.0
EDGE: 45 9 25 1700 86.53860195853157 15.83310119625477 1.0
EDGE: 46 10 21 800 92.05529814212052 2.0205193838333795 1.0
EDGE: 47 10 22 800 63.32134695826726 3.2748010304062176 1.0
EDGE: 48 10 23 600 27.151969493919253 10.740466939824941 1.0
EDGE: 49 10 24 600 72.92530528914963 12.02011695930599 1.0
EDGE: 50 10 25 400 67.05571697152271 8.740466264734716 1.0
EDGE: 51 11 21 700 26.730628314328605 6.113429980211786 1.0
EDGE: 52 11 22 1500 40.76765323814915 16.342939889720228 1.0
EDGE: 53 11 23 1700 88.03667711874013 19.926407415989445 1.0
EDGE: 54 11 24 1800 16.791878033224652 16.6917476755153 1.0
EDGE: 55 11 25 1100 21.471669693212505 11.796618276469664 1.0
EDGE: 56 12 21 300 27.04981951628047 8.896018613368339 1.0
EDGE: 57 12 22 1100 24.858992505172665 6.257637897642123 1.0
EDGE: 58 12 23 300 87.95828127692157 10.77133446228226 1.0
EDGE: 59 12 24 1500 48.57923596466098 9.559864799114631 1.0
EDGE: 60 12 25 1700 54.960241946719805 11.252482394371743 1.0
EDGE: 61 13 21 400 29.967032405101975 4.931262861773408 1.0
EDGE: 62 13 22 200 39.29748150625157 10.301997571520847 1.0
EDGE: 63 13 23 300 72.78172993600131 15.777258419440663 1.0
EDGE: 64 13 24 200 68.31408189368575 3.8887101354970586 1.0
EDGE: 65 13 25 600 74.29099486861413 1.7689967312425945 1.0
EDGE: 66 14 21 800 33.079887407530045 4.360522772462982 1.0
EDGE: 67 14 22 500 35.00638344782966 3.5191884194112277 1.0
EDGE: 68 14 23 800 89.62296379276228 1.2856292287718176 1.0
EDGE: 69 14 24 800 58.60995748640632 6.294758691334061 1.0
EDGE: 70 14 25 400 82.56012473914842 19.586397532450313 1.0
EDGE: 71 15 21 300 62.11100542192242 4.965519879741717 1.0
EDGE: 72 15 22 1700 92.41461229018378 18.54013721560033 1.0
EDGE: 73 15 23 1800 48.77191589993374 16.138084791361585 1.0
EDGE: 74 15 24 900 90.40994825893586 6.970964241289434 1.0
EDGE: 75 15 25 900 18.84229691965939 16.17424125636662 1.0
EDGE: 76 16 21 300 37.02906661855378 13.706989300408125 1.0
EDGE: 77 16 22 1700 55.64037088188106 16.54300720924077 1.0
EDGE: 78 16 23 800 73.127740610962 13.127042474258905 1.0
EDGE: 79 16 24 600 67.02072985819714 17.70557947377742 1.0
EDGE: 80 16 25 1200 24.891433987518383 5.371155823084912 1.0
EDGE: 81 17 21 700 34.767494161810205 5.482405067421614 1.0
EDGE: 82 17 22 200 76.42454788036197 18.539022134061483 1.0
EDGE: 83 17 23 800 26.951975302795525 6.601582676792167 1.0
EDGE: 84 17 24 100 76.26122691639615 13.950647849932595 1.0
EDGE: 85 17 25 700 60.79384013992348 15.877821845545027 1.0
EDGE: 86 18 21 1700 96.5866940609754 3.2934219508413087 1.0
EDGE: 87 18 22 500 16.064914192357634 11.221173330416462 1.0
EDGE: 88 18 23 700 26.458251651703353 7.229813006533879 1.0
EDGE: 89 18 24 2800 91.57462695827148 11.424751796360908 1.0
EDGE: 90 18 25 300 52.81495364867993 2.7899202767566154 1.0
EDGE: 91 19 21 1400 69.77619495891385 3.4306692612581777 1.0
EDGE: 92 19 22 1500 35.56506041006763 11.623095748539118 1.0
EDGE: 93 19 23 2400 87.03259028216671 7.523396922079096 1.0
EDGE: 94 19 24 2200 35.54028839538903 10.932851238617417 1.0
EDGE: 95 19 25 700 49.5813601692742 2.649774480789401 1.0
EDGE: 96 20 21 1300 46.605970799291605 18.66927466930324 1.0
EDGE: 97 20 22 1500 77.73737559363795 8.814889273395028 1.0
EDGE: 98 20 23 1200 65.71614084763985 6.303172618834571 1.0
EDGE: 99 20 24 800 63.372536153878904 1.2530368176739368 1.0
EDGE: 100 20 25 1200 37.202641018177616 19.25615801675557 1.0
EDGE: 101 21 26 1100 48.2115259938673 19.822987206413057 1.0
EDGE: 102 21 27 1000 40.08729338694991 15.81090022692208 1.0
EDGE: 103 21 28 1000 92.98267690566776 5.8267756150640535 1.0
EDGE: 104 21 29 500 29.706212234502324 4.075757945852075 1.0
EDGE: 105 21 30 1200 39.962991083309255 5.201233281657621 1.0
EDGE: 106 21 31 100 87.43529880691337 16.328012583700446 1.0
EDGE: 107 21 32 100 43.95638705940165 13.781478218817249 1.0
EDGE: 108 21 33 700 84.8060121061707 15.809924678992882 1.0
EDGE: 109 21 34 1500 69.2442434207329 18.085587536592417 1.0
EDGE: 110 21 35 800 30.800452252185035 6.801823511663596 1.0
EDGE: 111 21 36 1100 82.54728975327143 10.81966539819399 1.0
EDGE: 112 21 37 400 53.61482279831067 15.54645798641193 1.0
EDGE: 113 21 38 1400 84.53792142436437 12.052527779546606 1.0
EDGE: 114 21 39 1800 70.68035346966698 13.348823339314473 1.0
EDGE: 115 21 40 1600 44.94197088874992 17.759224141865168 1.0
EDGE: 116 21 41 800 33.23070880244276 9.92568027326426 1.0
EDGE: 117 21 42 900 98.76905034765309 11.182613649144454 1.0
EDGE: 118 21 43 1000 34.20500103385146 17.828989993518626 1.0
EDGE: 119 21 44 1700 33.71046961383577 6.212211085132907 1.0
EDGE: 120 21 45 400 40.7754012049633 11.517480758000051 1.0
EDGE: 121 21 46 300 91.24383127137814 1.7295278875362654 1.0
EDGE: 122 21 47 1700 25.28847822547082 9.400566723972036 1.0
EDGE: 123 21 48 300 86.48335325116746 15.619122463094897 1.0
EDGE: 124 21 49 300 30.90926589758373 12.928832299196735 1.0
EDGE: 125 21 50 1500 84.31497598387021 10.894579397278285 1.0
EDGE: 126 22 26 1000 90.75717893093083 16.55531169754139 1.0
EDGE: 127 22 27 700 41.85533442621559 6.138636110632392 1.0
EDGE: 128 22 28 700 31.822801414993364 3.1417699706498112 1.0
EDGE: 129 22 29 1100 79.77362060640964 2.206678132694762 1.0
EDGE: 130 22 30 1000 27.45461312511051 15.13421309223035 1.0
EDGE: 131 22 31 700 97.51545922930048 7.892818006487293 1.0
EDGE: 132 22 32 1400 84.70473680773236 16.58184341740998 1.0
EDGE: 133 22 33 100 79.96779181226259 15.007778852940492 1.0
EDGE: 134 22 34 1300 95.32275639825873 6.8236754947740765 1.0
EDGE: 135 22 35 1000 35.6038697641959 6.067800864162895 1.0
EDGE: 136 22 36 700 31.68665646007912 15.417037471886413 1.0
EDGE: 137 22 37 1100 58.64743435653491 6.543791613348403 1.0
EDGE: 138 22 38 1200 71.45998040736191 11.632172364103951 1.0
EDGE: 139 22 39 1800 40.29509749742309 8.369931230622608 1.0
EDGE: 140 22 40 800 97.26421421431179 13.587158906600639 1.0
EDGE: 141 22 41 300 16.53601936285855 14.16096423282034 1.0
EDGE: 142 22 42 500 20.155532736026522 2.8473706478067333 1.0
EDGE: 143 22 43 1000 92.60795245180306 19.337382686249022 1.0
EDGE: 144 22 44 300 58.19489321544734 15.06369427822722 1.0
EDGE: 145 22 45 900 76.62868173438754 1.1077303670146184 1.0
EDGE: 146 22 46 100 33.90059365551915 2.9737214644538508 1.0
EDGE: 147 22 47 1600 57.441959293953055 7.007240383821535 1.0
EDGE: 148 22 48 100 16.872338969100625 3.8401364563836067 1.0
EDGE: 149 22 49 1400 34.21695709708982 3.44202785884439 1.0
EDGE: 150 22 50 300 70.37587290658988 8.150519824582513 1.0
EDGE: 151 23 26 1200 57.8403530562199 4.438054236852967 1.0
EDGE: 152 23 27 500 33.177246166448136 14.152779129364056 1.0
EDGE: 153 23 28 200 26.6400518906618 17.54408524287137 1.0
EDGE: 154 23 29 1500 20.415786064662065 16.55043523062197 1.0
EDGE: 155 23 30 900 11.479648574647406 13.587858350747537 1.0
EDGE: 156 23 31 1500 99.80481604010262 5.4319782958903895 1.0
EDGE: 157 23 32 600 27.762688851857952 17.73467852701036 1.0
EDGE: 158 23 33 1300 51.94920043010486 18.258508201128947 1.0
EDGE: 159 23 34 1200 84.38576151475368 6.047663633270851 1.0
EDGE: 160 23 35 1700 56.068771510406016 7.483887396248061 1.0
EDGE: 161 23 36 600 12.179521855264738 18.498854712518806 1.0
EDGE: 162 23 37 1600 14.916712222109592 13.131616824601988 1.0
EDGE: 163 23 38 600 36.87669372561105 11.130413816620658 1.0
EDGE: 164 23 39 1300 25.181933474901612 13.402656881340492 1.0
EDGE: 165 23 40 100 24.146097983294844 19.81512445880895 1.0
EDGE: 166 23 41 200 22.16452950747076 9.138413201313876 1.0
EDGE: 167 23 42 400 26.731794321616906 15.815415225053687 1.0
EDGE: 168 23 43 800 70.0133669581651 9.71310345741984 1.0
EDGE: 169 23 44 100 16.23638895362579 16.090125450253822 1.0
EDGE: 170 23 45 1000 91.31487436303034 10.679725951014138 1.0
EDGE: 171 23 46 300 34.58756095268606 9.048231369723608 1.0
EDGE: 172 23 47 400 12.322077675978903 1.2438485818111027 1.0
EDGE: 173 23 48 300 42.726889892426485 2.198751510351128 1.0
EDGE: 174 23 49 400 62.612977361981464 6.389434307381894 1.0
EDGE: 175 23 50 800 26.560022166552088 8.896048457854425 1.0
EDGE: 176 24 26 300 90.46728516538784 2.230926917434724 1.0
EDGE: 177 24 27 900 42.70726868956507 5.129751851636853 1.0
EDGE: 178 24 28 1500 17.750627503657288 3.915809127715055 1.0
EDGE: 179 24 29 1700 89.09367068832613 6.058509692833885 1.0
EDGE: 180 24 30 900 70.59524632909796 3.151860640857778 1.0
EDGE: 181 24 31 200 67.91759879285868 17.73680145227591 1.0
EDGE: 182 24 32 1600 74.66627557514843 7.1833232243933605 1.0
EDGE: 183 24 33 1800 41.036969745537775 4.234017374299634 1.0
EDGE: 184 24 34 1400 96.30264749912996 17.790204841631894 1.0
EDGE: 185 24 35 1300 10.312122467737067 15.095035056595108 1.0
EDGE: 186 24 36 900 53.32170770855516 2.6349300271880507 1.0
EDGE: 187 24 37 1800 97.94441299264244 14.84150322290122 1.0
EDGE: 188 24 38 1400 81.7765643491741 11.030561889502463 1.0
EDGE: 189 24 39 100 44.34961224809756 5.963054850391684 1.0
EDGE: 190 24 40 200 47.455287122217825 1.9548124167115766 1.0
EDGE: 191 24 41 100 23.60514809327905 15.597669902519652 1.0
EDGE: 192 24 42 1100 33.4109675274231 1.8840609473412835 1.0
EDGE: 193 24 43 300 29.01026553478292 14.850403458916585 1.0
EDGE: 194 24 44 900 57.31174057659631 17.771597906859515 1.0
EDGE: 195 24 45 100 53.798165971935006 15.44969906843041 1.0
EDGE: 196 24 46 900 84.89980552583832 9.244312397513772 1.0
EDGE: 197 24 47 1700 74.53918129199657 4.1905083546567665 1.0
EDGE: 198 24 48 1500 78.34852508406831 19.842045414002826 1.0
EDGE: 199 24 49 1500 37.274055064465884 7.363429197313677 1.0
EDGE: 200 24 50 600 20.80665070425226 1.8738242996269312 1.0
EDGE: 201 25 26 1300 68.91638732569922 12.119091870914321 1.0
EDGE: 202 25 27 1800 60.918752744421795 14.215198375172317 1.0
EDGE: 203 25 28 1600 78.96330648587283 8.467000509452166 1.0
EDGE: 204 25 29 1400 43.61089706991881 14.120893478589846 1.0
EDGE: 205 25 30 1000 99.05343624889771 2.3580548901611293 1.0
EDGE: 206 25 31 1400 55.930664988862446 7.877007471139015 1.0
EDGE: 207 25 32 200 30.411200290188788 7.049971937752683 1.0
EDGE: 208 25 33 300 39.23052925852683 18.86696034278729 1.0
EDGE: 209 25 34 100 11.716564098856047 5.704822174481454 1.0
EDGE: 210 25 35 1800 51.483695795119125 1.3754225297073557 1.0
EDGE: 211 25 36 200 32.43923191878635 15.917902640856688 1.0
EDGE: 212 25 37 1500 86.02144729397507 4.20443663383349 1.0
EDGE: 213 25 38 1200 49.176404230153324 11.627163635766566 1.0
EDGE: 214 25 39 1000 85.48106419449664 18.92595318453812 1.0
EDGE: 215 25 40 700 85.03311974079448 13.602407544929054 1.0
EDGE: 216 25 41 1100 92.25336389071485 16.344999171415484 1.0
EDGE: 217 25 42 1400 84.5842772707091 18.463480645462052 1.0
EDGE: 218 25 43 1800 49.218959773340046 14.497697015451793 1.0
EDGE: 219 25 44 400 39.45736887519091 10.926675164559324 1.0
EDGE: 220 25 45 1500 47.06225217043609 7.258353698496054 1.0
EDGE: 221 25 46 1500 22.075025624819517 4.728560073527369 1.0
EDGE: 222 25 47 1800 36.95226953638682 5.379837859871982 1.0
EDGE: 223 25 48 1200 57.596389282913265 5.426460018585274 1.0
EDGE: 224 25 49 400 29.8793659213211 9.54146642033859 1.0
EDGE: 225 25 50 1000 56.59642672136987 2.0248007281216562 1.0
EOF
