NAME : null
NBR_NODES: 25
NBR_EDGES: 144
T: 136.5875051147294
# NODE: i x_i y_i b_i g_i s_i
# x_i, y_i : x, y of node i
# b_i : demand of node_i, <0 for depot, >0 for client, =0 for platforms
# g_i : cost for using node i, >0 only for platforms
# s_i : time for crossing node _i, >0 only for platforms
NODE: 1 10 10 -10 0.0 0.0
NODE: 2 10 20 -14 0.0 0.0
NODE: 3 10 30 -24 0.0 0.0
NODE: 4 10 40 -9 0.0 0.0
NODE: 5 10 50 -22 0.0 0.0
NODE: 6 10 60 -13 0.0 0.0
NODE: 7 10 70 -21 0.0 0.0
NODE: 8 50 10 0 64.28971631943381 1.0
NODE: 9 50 20 0 76.82618147281246 1.0
NODE: 10 50 30 0 78.22879229381542 1.0
NODE: 11 50 40 0 66.97982542870464 1.0
NODE: 12 50 50 0 38.12564995980351 1.0
NODE: 13 50 60 0 69.8020216707151 1.0
NODE: 14 50 70 0 20.7434063811305 1.0
NODE: 15 50 80 0 19.0962263968531 1.0
NODE: 16 50 90 0 61.2804563531165 1.0
NODE: 17 100 10 8 0.0 0.0
NODE: 18 100 20 7 0.0 0.0
NODE: 19 100 30 8 0.0 0.0
NODE: 20 100 40 6 0.0 0.0
NODE: 21 100 50 10 0.0 0.0
NODE: 22 100 60 12 0.0 0.0
NODE: 23 100 70 13 0.0 0.0
NODE: 24 100 80 12 0.0 0.0
NODE: 25 100 90 37 0.0 0.0
# EDGE: k i j u_ij c_ij h_ij t_ij
# i : starting node of edge k
# j : ending node of edge k
# u_ij : capacity of edge (i,j)
# c_ij : fixed cost for the use of (i,j)
# h_ij : unit cost for (i,j)
# t_ij : delivery time for (i,j)
EDGE: 1 1 8 900 72.32371149943823 2.528871623957098 1.0
EDGE: 2 1 9 700 26.361934420635766 5.6683074208125435 1.0
EDGE: 3 1 10 300 84.36491270099378 7.718622033864283 1.0
EDGE: 4 1 11 600 99.76100874946134 12.8567117295657 1.0
EDGE: 5 1 12 800 35.20117490533928 7.835565310095057 1.0
EDGE: 6 1 13 700 10.986227655134028 12.776199471447468 1.0
EDGE: 7 1 14 500 56.28246942098454 3.368525531124966 1.0
EDGE: 8 1 15 300 76.43159073781467 19.12283613805231 1.0
EDGE: 9 1 16 100 71.62372392950832 8.324360492323908 1.0
EDGE: 10 2 8 900 54.477904252917135 1.9477953872901366 1.0
EDGE: 11 2 9 700 36.662086252093566 8.987000199416372 1.0
EDGE: 12 2 10 800 97.5852188384502 11.447006929996439 1.0
EDGE: 13 2 11 600 81.40682576719584 17.631252814144435 1.0
EDGE: 14 2 12 500 52.13491314826511 17.336433400892044 1.0
EDGE: 15 2 13 700 60.420864597551706 5.14060828295436 1.0
EDGE: 16 2 14 800 39.81047535620422 10.137199260490872 1.0
EDGE: 17 2 15 100 14.673058424938286 14.228246451176897 1.0
EDGE: 18 2 16 200 56.80603349031794 3.444789466015611 1.0
EDGE: 19 3 8 1300 12.800254590160232 18.710481450693536 1.0
EDGE: 20 3 9 400 39.65171807810131 18.006535437039503 1.0
EDGE: 21 3 10 1800 21.81821984403277 11.031845058288873 1.0
EDGE: 22 3 11 1500 68.94489666252889 19.181609876061945 1.0
EDGE: 23 3 12 1400 29.820460712971382 6.991045767317394 1.0
EDGE: 24 3 13 1400 44.776369704809674 12.107747261931024 1.0
EDGE: 25 3 14 1600 35.70403622103167 3.367008110178348 1.0
EDGE: 26 3 15 800 80.14056005756596 9.64890973602718 1.0
EDGE: 27 3 16 1900 83.46140806023409 4.894216092173059 1.0
EDGE: 28 4 8 300 91.11878351270128 10.948114491316028 1.0
EDGE: 29 4 9 200 91.07739509395692 13.786581836879062 1.0
EDGE: 30 4 10 200 55.12465205367631 19.159645640088257 1.0
EDGE: 31 4 11 500 56.57028063799331 12.75905551775871 1.0
EDGE: 32 4 12 900 91.00066311829309 17.68486709517769 1.0
EDGE: 33 4 13 100 76.21616823780256 15.246193004622539 1.0
EDGE: 34 4 14 100 77.25507008760323 18.98585278710698 1.0
EDGE: 35 4 15 700 82.49560689390944 14.266907633620384 1.0
EDGE: 36 4 16 800 77.22804640335254 19.80105853780873 1.0
EDGE: 37 5 8 1400 41.801584806742525 8.134614743523798 1.0
EDGE: 38 5 9 1400 72.47625529338433 5.337250356200178 1.0
EDGE: 39 5 10 1600 24.44792533335842 19.96199609477791 1.0
EDGE: 40 5 11 1900 48.16485427122009 16.761907672256996 1.0
EDGE: 41 5 12 500 32.01716880464111 13.65960003369884 1.0
EDGE: 42 5 13 400 56.75601219107502 16.0703215126224 1.0
EDGE: 43 5 14 800 29.586994682542876 12.877491919363115 1.0
EDGE: 44 5 15 1600 88.78299819937823 9.151608257812638 1.0
EDGE: 45 5 16 800 22.874237531104843 12.089183840741034 1.0
EDGE: 46 6 8 100 51.99890360024887 18.627854029419048 1.0
EDGE: 47 6 9 500 42.835582796779434 14.767050072641632 1.0
EDGE: 48 6 10 800 92.6890593287597 15.79060963956243 1.0
EDGE: 49 6 11 800 12.763972402463946 6.348456307094052 1.0
EDGE: 50 6 12 500 75.43621071999071 1.7089563887582075 1.0
EDGE: 51 6 13 800 35.419812185737726 16.441816328345496 1.0
EDGE: 52 6 14 600 30.127516961570954 14.333361936642934 1.0
EDGE: 53 6 15 200 40.2360319728321 11.471799496586575 1.0
EDGE: 54 6 16 600 67.49243490605397 14.169538745863857 1.0
EDGE: 55 7 8 700 93.13605477955622 9.71290058516873 1.0
EDGE: 56 7 9 1300 86.96054457254127 4.846534657537439 1.0
EDGE: 57 7 10 1400 84.00374940003644 17.41059944169447 1.0
EDGE: 58 7 11 200 73.12838875439206 8.653263710186536 1.0
EDGE: 59 7 12 1500 49.344416839522616 16.439321026817865 1.0
EDGE: 60 7 13 300 89.624376686359 15.867702372170204 1.0
EDGE: 61 7 14 700 70.17588418156637 10.696421177720625 1.0
EDGE: 62 7 15 200 91.66083156406278 12.452967085372501 1.0
EDGE: 63 7 16 1200 57.688759698585976 10.181413604737182 1.0
EDGE: 64 8 17 700 61.06222449307059 5.444495883626761 1.0
EDGE: 65 8 18 1000 31.714923466675426 7.459655965359567 1.0
EDGE: 66 8 19 200 90.05867533104372 8.10254502900561 1.0
EDGE: 67 8 20 100 79.54329857649269 5.959716328097753 1.0
EDGE: 68 8 21 1200 62.63376769408471 8.654228950333408 1.0
EDGE: 69 8 22 100 15.121973848323677 12.303636879498942 1.0
EDGE: 70 8 23 200 44.715749873570424 8.199312869880053 1.0
EDGE: 71 8 24 900 41.185756000217395 4.61931519587441 1.0
EDGE: 72 8 25 400 87.00119106282558 9.103986544153853 1.0
EDGE: 73 9 17 300 49.348183955810065 7.534220923964474 1.0
EDGE: 74 9 18 300 56.70012910065381 10.95682864631344 1.0
EDGE: 75 9 19 200 75.69708793459978 10.299664653064461 1.0
EDGE: 76 9 20 500 46.99180528261851 18.91118696021271 1.0
EDGE: 77 9 21 500 41.93275618614074 1.2448431930886645 1.0
EDGE: 78 9 22 1100 45.48002579985196 16.988189717601053 1.0
EDGE: 79 9 23 900 84.58775647164917 16.509873086459052 1.0
EDGE: 80 9 24 1200 85.4372165225381 15.664609992589128 1.0
EDGE: 81 9 25 400 97.36750264713245 10.757037276100874 1.0
EDGE: 82 10 17 400 56.126243544907666 2.8197963614869583 1.0
EDGE: 83 10 18 400 14.150581935577526 8.309458880847409 1.0
EDGE: 84 10 19 1000 80.98905615060754 11.865895847394576 1.0
EDGE: 85 10 20 800 42.68797280489329 9.916425160242573 1.0
EDGE: 86 10 21 500 54.99119578153586 12.635582216090889 1.0
EDGE: 87 10 22 600 81.54014556981384 9.094575478482621 1.0
EDGE: 88 10 23 200 14.911280642632821 19.351510121720786 1.0
EDGE: 89 10 24 1200 95.29114814181519 1.7441767741687533 1.0
EDGE: 90 10 25 500 68.8644753275542 16.751716237805 1.0
EDGE: 91 11 17 1100 95.57875420538831 10.489703035271424 1.0
EDGE: 92 11 18 300 73.8490396750149 13.195180935582137 1.0
EDGE: 93 11 19 300 17.979679014644535 16.943936198853862 1.0
EDGE: 94 11 20 1100 82.60500848552218 2.3217734855008443 1.0
EDGE: 95 11 21 500 77.28898635670154 3.844811062079933 1.0
EDGE: 96 11 22 1100 83.57408356779302 18.590800714117904 1.0
EDGE: 97 11 23 1200 46.232708639632214 9.764218934394222 1.0
EDGE: 98 11 24 800 10.249748840887342 1.7723711920208345 1.0
EDGE: 99 11 25 100 65.15276945325994 8.837990210861975 1.0
EDGE: 100 12 17 600 28.706757687129524 7.21580153839926 1.0
EDGE: 101 12 18 1200 32.70324330107523 2.7162764005590767 1.0
EDGE: 102 12 19 300 54.59894762601292 11.46927762568878 1.0
EDGE: 103 12 20 1200 50.097049227632105 13.68354853409592 1.0
EDGE: 104 12 21 800 83.414550950175 11.57499429712993 1.0
EDGE: 105 12 22 1000 93.9420962758927 14.647430077627845 1.0
EDGE: 106 12 23 1200 60.27797852186222 19.113987088471127 1.0
EDGE: 107 12 24 500 85.2060009682075 7.445583967095651 1.0
EDGE: 108 12 25 900 18.087200443971284 10.82488084070751 1.0
EDGE: 109 13 17 700 14.348377981593451 9.669873730342163 1.0
EDGE: 110 13 18 800 65.27573500225085 16.370766288546964 1.0
EDGE: 111 13 19 900 75.15981683492213 18.95701647055502 1.0
EDGE: 112 13 20 300 96.98836489888461 15.578432484276973 1.0
EDGE: 113 13 21 1200 62.34657056911403 9.44494442277794 1.0
EDGE: 114 13 22 800 25.959580774651293 6.224165433918381 1.0
EDGE: 115 13 23 600 10.400047109726803 19.844097528454647 1.0
EDGE: 116 13 24 900 91.88386500491247 19.19033698319186 1.0
EDGE: 117 13 25 1200 23.79014471573484 17.32286303194255 1.0
EDGE: 118 14 17 1000 20.566860693624626 14.56700126667376 1.0
EDGE: 119 14 18 800 61.02150812229121 5.156382420544908 1.0
EDGE: 120 14 19 1100 56.64647380705762 15.022716387420644 1.0
EDGE: 121 14 20 100 97.59175415734403 10.83794270292581 1.0
EDGE: 122 14 21 1000 76.17299159289479 1.5188096313664636 1.0
EDGE: 123 14 22 700 35.39074679265936 14.102173338383846 1.0
EDGE: 124 14 23 600 27.837276625784718 13.191310820262206 1.0
EDGE: 125 14 24 800 98.57997644409316 12.05926595340993 1.0
EDGE: 126 14 25 900 24.13608810906439 4.9747623397507645 1.0
EDGE: 127 15 17 400 48.491083919081355 5.389433203368985 1.0
EDGE: 128 15 18 800 46.263601173111795 9.292134268494765 1.0
EDGE: 129 15 19 1200 72.58264082313215 17.29683198470975 1.0
EDGE: 130 15 20 400 59.018181835018105 12.885057816464109 1.0
EDGE: 131 15 21 900 14.994195307333658 14.672163250272538 1.0
EDGE: 132 15 22 1000 94.51349305390325 9.608596863078033 1.0
EDGE: 133 15 23 300 28.736688933690846 4.663170660317501 1.0
EDGE: 134 15 24 400 65.9829727827586 10.76477717355489 1.0
EDGE: 135 15 25 1200 82.05827432742448 14.602254993357313 1.0
EDGE: 136 16 17 500 85.4667708505291 8.299094358213733 1.0
EDGE: 137 16 18 600 94.02462262923994 9.990426124733714 1.0
EDGE: 138 16 19 600 11.6701728348255 4.934210951613846 1.0
EDGE: 139 16 20 500 66.8527551105644 18.9868068073622 1.0
EDGE: 140 16 21 500 36.782629274934955 2.065072311499203 1.0
EDGE: 141 16 22 800 55.03749802304367 14.602910487267447 1.0
EDGE: 142 16 23 100 93.54638150514695 11.98965213911716 1.0
EDGE: 143 16 24 200 13.809583645909436 3.550911776725692 1.0
EDGE: 144 16 25 100 26.363817880764547 13.799550950631888 1.0
EOF
