NAME : null
NBR_NODES: 80
NBR_EDGES: 1375
T: 192.43884167001266
# NODE: i x_i y_i b_i g_i s_i
# x_i, y_i : x, y of node i
# b_i : demand of node_i, <0 for depot, >0 for client, =0 for platforms
# g_i : cost for using node i, >0 only for platforms
# s_i : time for crossing node _i, >0 only for platforms
NODE: 1 10 10 -16 0.0 0.0
NODE: 2 10 20 -17 0.0 0.0
NODE: 3 10 30 -6 0.0 0.0
NODE: 4 10 40 -9 0.0 0.0
NODE: 5 10 50 -6 0.0 0.0
NODE: 6 10 60 -10 0.0 0.0
NODE: 7 10 70 -10 0.0 0.0
NODE: 8 10 80 -8 0.0 0.0
NODE: 9 10 90 -13 0.0 0.0
NODE: 10 10 100 -16 0.0 0.0
NODE: 11 10 110 -6 0.0 0.0
NODE: 12 10 120 -13 0.0 0.0
NODE: 13 10 130 -12 0.0 0.0
NODE: 14 10 140 -6 0.0 0.0
NODE: 15 10 150 -7 0.0 0.0
NODE: 16 10 160 -13 0.0 0.0
NODE: 17 10 170 -17 0.0 0.0
NODE: 18 10 180 -6 0.0 0.0
NODE: 19 10 190 -14 0.0 0.0
NODE: 20 10 200 -13 0.0 0.0
NODE: 21 10 210 -11 0.0 0.0
NODE: 22 10 220 -15 0.0 0.0
NODE: 23 10 230 -15 0.0 0.0
NODE: 24 10 240 -12 0.0 0.0
NODE: 25 10 250 -9 0.0 0.0
NODE: 26 10 260 -14 0.0 0.0
NODE: 27 10 270 -13 0.0 0.0
NODE: 28 10 280 -7 0.0 0.0
NODE: 29 10 290 -17 0.0 0.0
NODE: 30 10 300 -9 0.0 0.0
NODE: 31 10 310 -6 0.0 0.0
NODE: 32 10 320 -34 0.0 0.0
NODE: 33 50 10 0 56.1536805074394 1.0
NODE: 34 50 20 0 80.5260090675197 1.0
NODE: 35 50 30 0 54.31124145877737 1.0
NODE: 36 50 40 0 48.32635428822525 1.0
NODE: 37 50 50 0 89.21735527321248 1.0
NODE: 38 50 60 0 73.57462232630454 1.0
NODE: 39 50 70 0 17.359245290794867 1.0
NODE: 40 50 80 0 93.5022122908796 1.0
NODE: 41 50 90 0 92.8209956761452 1.0
NODE: 42 50 100 0 38.75768071041253 1.0
NODE: 43 50 110 0 41.45130572481599 1.0
NODE: 44 50 120 0 70.54328994464564 1.0
NODE: 45 50 130 0 23.263231130324996 1.0
NODE: 46 50 140 0 66.79424081995678 1.0
NODE: 47 50 150 0 23.869394882991916 1.0
NODE: 48 50 160 0 52.85739194592812 1.0
NODE: 49 50 170 0 48.26602917513131 1.0
NODE: 50 50 180 0 72.29240871378566 1.0
NODE: 51 50 190 0 10.601346866037163 1.0
NODE: 52 50 200 0 16.396644433105166 1.0
NODE: 53 50 210 0 91.69859537227835 1.0
NODE: 54 50 220 0 66.84618964906053 1.0
NODE: 55 50 230 0 32.05139542902806 1.0
NODE: 56 50 240 0 24.449004245072498 1.0
NODE: 57 50 250 0 51.76868041280377 1.0
NODE: 58 100 10 21 0.0 0.0
NODE: 59 100 20 12 0.0 0.0
NODE: 60 100 30 8 0.0 0.0
NODE: 61 100 40 14 0.0 0.0
NODE: 62 100 50 15 0.0 0.0
NODE: 63 100 60 19 0.0 0.0
NODE: 64 100 70 21 0.0 0.0
NODE: 65 100 80 16 0.0 0.0
NODE: 66 100 90 25 0.0 0.0
NODE: 67 100 100 9 0.0 0.0
NODE: 68 100 110 13 0.0 0.0
NODE: 69 100 120 22 0.0 0.0
NODE: 70 100 130 18 0.0 0.0
NODE: 71 100 140 21 0.0 0.0
NODE: 72 100 150 17 0.0 0.0
NODE: 73 100 160 9 0.0 0.0
NODE: 74 100 170 10 0.0 0.0
NODE: 75 100 180 22 0.0 0.0
NODE: 76 100 190 22 0.0 0.0
NODE: 77 100 200 22 0.0 0.0
NODE: 78 100 210 8 0.0 0.0
NODE: 79 100 220 18 0.0 0.0
NODE: 80 100 230 18 0.0 0.0
# EDGE: k i j u_ij c_ij h_ij t_ij
# i : starting node of edge k
# j : ending node of edge k
# u_ij : capacity of edge (i,j)
# c_ij : fixed cost for the use of (i,j)
# h_ij : unit cost for (i,j)
# t_ij : delivery time for (i,j)
EDGE: 1 1 33 0 68.91682017451552 16.7760236567769 1.0
EDGE: 2 1 34 0 34.63091427568359 7.348818262970147 1.0
EDGE: 3 1 35 0 25.97527921868417 3.75091098208323 1.0
EDGE: 4 1 36 0 34.0304692809103 18.111325995588597 1.0
EDGE: 5 1 37 0 73.57694193944434 16.641338107320326 1.0
EDGE: 6 1 38 0 49.61623951212806 9.529728168183496 1.0
EDGE: 7 1 39 0 31.55850630179783 16.44511228362702 1.0
EDGE: 8 1 40 0 93.83394744903434 19.34050420619155 1.0
EDGE: 9 1 41 0 52.476906923297605 3.2894527183170514 1.0
EDGE: 10 1 42 0 60.83471595103366 9.461019339360119 1.0
EDGE: 11 1 43 0 63.96946575607346 10.062548995194831 1.0
EDGE: 12 1 44 0 80.54942464111437 9.144610472256291 1.0
EDGE: 13 1 45 0 53.06779628336607 4.571666057710152 1.0
EDGE: 14 1 46 0 92.08004178631998 13.214955738124829 1.0
EDGE: 15 1 47 0 67.81699949115287 2.5207702260083837 1.0
EDGE: 16 1 48 0 43.009568674218485 16.047698986637883 1.0
EDGE: 17 1 49 0 94.05171971502509 14.350644561027513 1.0
EDGE: 18 1 50 0 73.73210775622516 15.717295147540757 1.0
EDGE: 19 1 51 0 77.68061941001932 4.734456580254937 1.0
EDGE: 20 1 52 0 68.40463456024023 17.477046446687243 1.0
EDGE: 21 1 53 0 25.33085234295121 10.271755839762534 1.0
EDGE: 22 1 54 0 46.62204700481668 13.490300087982932 1.0
EDGE: 23 1 55 0 48.70407212673041 14.67386254683943 1.0
EDGE: 24 1 56 0 12.417037919155023 15.480771573727692 1.0
EDGE: 25 1 57 3200 60.495544196815906 2.4836189138387055 1.0
EDGE: 26 2 33 0 59.686351660646885 12.71996781590148 1.0
EDGE: 27 2 34 0 22.22796185175497 9.122474751512785 1.0
EDGE: 28 2 35 0 25.645011537951987 17.519675201811964 1.0
EDGE: 29 2 36 0 46.85146136776929 8.807871226597019 1.0
EDGE: 30 2 37 0 76.41004473316558 4.147480962645775 1.0
EDGE: 31 2 38 0 41.46145759645147 18.633893007866877 1.0
EDGE: 32 2 39 0 31.315305512657904 7.833299378588307 1.0
EDGE: 33 2 40 0 37.98582925370005 3.8581599450409287 1.0
EDGE: 34 2 41 0 25.058922749590863 9.284872159981084 1.0
EDGE: 35 2 42 0 42.19303172306017 10.187924682607118 1.0
EDGE: 36 2 43 0 89.28496114830486 13.880204487348436 1.0
EDGE: 37 2 44 0 53.872699438658195 3.608346078895271 1.0
EDGE: 38 2 45 0 37.70085102732792 17.454914401863277 1.0
EDGE: 39 2 46 0 33.54028415494149 5.045903841546123 1.0
EDGE: 40 2 47 0 71.33213917082637 11.352462266841936 1.0
EDGE: 41 2 48 0 63.51731597884525 9.909931469312363 1.0
EDGE: 42 2 49 0 23.016137733473258 13.155222561685418 1.0
EDGE: 43 2 50 0 73.73882475441806 4.305224276119123 1.0
EDGE: 44 2 51 0 42.736020355792604 19.264375062812324 1.0
EDGE: 45 2 52 0 55.139513369394095 14.458703409467194 1.0
EDGE: 46 2 53 0 57.896947168821605 8.246579796416249 1.0
EDGE: 47 2 54 0 85.97020917435496 16.653094196277806 1.0
EDGE: 48 2 55 0 45.14575778686486 14.615405597980345 1.0
EDGE: 49 2 56 0 58.89619246004427 14.710596189236442 1.0
EDGE: 50 2 57 3400 22.835802567794524 12.465479636163511 1.0
EDGE: 51 3 33 0 99.22894092397061 7.8195070688823485 1.0
EDGE: 52 3 34 0 45.73849884888042 18.12733042565041 1.0
EDGE: 53 3 35 0 77.14285889701053 13.2467739523534 1.0
EDGE: 54 3 36 0 56.10312812287158 8.760887298187951 1.0
EDGE: 55 3 37 0 59.228551048267036 9.229435254960173 1.0
EDGE: 56 3 38 0 97.66647360280604 18.55561069669372 1.0
EDGE: 57 3 39 0 57.23422073828374 10.087930760768817 1.0
EDGE: 58 3 40 0 71.71385906727112 18.95521923444071 1.0
EDGE: 59 3 41 0 64.34671585849608 15.354237810608428 1.0
EDGE: 60 3 42 0 36.79312607323176 11.07498151395743 1.0
EDGE: 61 3 43 0 41.8638445718116 16.45781083899935 1.0
EDGE: 62 3 44 0 96.18313121526884 3.229543319161712 1.0
EDGE: 63 3 45 0 81.60945227624502 2.2622896711528817 1.0
EDGE: 64 3 46 0 19.718334716509993 7.239260015660822 1.0
EDGE: 65 3 47 0 91.94288555926119 4.495944610071662 1.0
EDGE: 66 3 48 0 29.071009056466796 1.9329967037572988 1.0
EDGE: 67 3 49 0 87.71437000402125 19.86882981202564 1.0
EDGE: 68 3 50 0 58.09267580143481 7.015374028071942 1.0
EDGE: 69 3 51 0 27.017867936034325 11.419608308918862 1.0
EDGE: 70 3 52 0 42.31629062549116 16.216420631152065 1.0
EDGE: 71 3 53 0 50.09299460393375 6.385026546068306 1.0
EDGE: 72 3 54 0 34.220762559521575 18.391605766584433 1.0
EDGE: 73 3 55 0 18.227534072446716 8.634996273029905 1.0
EDGE: 74 3 56 0 43.35937104220812 16.9902171642509 1.0
EDGE: 75 3 57 1200 63.01214069735119 18.466262930042188 1.0
EDGE: 76 4 33 0 62.95362858893119 1.0600578048072062 1.0
EDGE: 77 4 34 0 98.79875874330955 1.2976185092837098 1.0
EDGE: 78 4 35 0 47.0541667341143 15.706422873875155 1.0
EDGE: 79 4 36 0 53.71435875486576 12.559640440052258 1.0
EDGE: 80 4 37 0 74.8701964157263 9.673335507664627 1.0
EDGE: 81 4 38 0 77.08151720652523 6.821910938036238 1.0
EDGE: 82 4 39 0 61.369111740290506 16.46500104334436 1.0
EDGE: 83 4 40 0 93.59743200723372 3.9507004912016432 1.0
EDGE: 84 4 41 0 15.74779299098109 14.17545116626541 1.0
EDGE: 85 4 42 0 77.12292117229458 16.84006921465992 1.0
EDGE: 86 4 43 0 71.87719458096242 10.944353097508516 1.0
EDGE: 87 4 44 0 99.43295499324854 5.00936734050252 1.0
EDGE: 88 4 45 0 77.32173156975995 14.70694148243935 1.0
EDGE: 89 4 46 0 41.78032199238329 9.110097210190458 1.0
EDGE: 90 4 47 0 80.03508866629653 6.656050247158291 1.0
EDGE: 91 4 48 0 49.6239501586504 18.135106285919008 1.0
EDGE: 92 4 49 0 14.333957960308268 4.584210152507497 1.0
EDGE: 93 4 50 0 43.373466987850286 18.873079069426023 1.0
EDGE: 94 4 51 0 60.251316565280675 3.0237809604210932 1.0
EDGE: 95 4 52 0 40.50156743307278 16.901302965544396 1.0
EDGE: 96 4 53 0 22.870759131798692 18.853085499452547 1.0
EDGE: 97 4 54 0 96.87572433793973 13.15966479564552 1.0
EDGE: 98 4 55 0 60.74349440279469 19.786518366412952 1.0
EDGE: 99 4 56 0 47.660839292383756 19.898861350375146 1.0
EDGE: 100 4 57 1800 74.98952948676694 11.916595560027003 1.0
EDGE: 101 5 33 0 60.644367812957555 14.545778280291026 1.0
EDGE: 102 5 34 0 43.18463023333326 16.22590914831754 1.0
EDGE: 103 5 35 0 67.3354946591835 19.77901887351029 1.0
EDGE: 104 5 36 0 94.63460753872997 10.736966997045466 1.0
EDGE: 105 5 37 0 29.689924703893695 8.857541690489947 1.0
EDGE: 106 5 38 0 46.13849181408287 14.717875573791499 1.0
EDGE: 107 5 39 0 52.81183767642804 4.995381951680037 1.0
EDGE: 108 5 40 0 29.84216891338945 2.1118383522720263 1.0
EDGE: 109 5 41 0 96.48458627823766 7.32542173529717 1.0
EDGE: 110 5 42 0 87.2840256724418 1.1084415628954591 1.0
EDGE: 111 5 43 0 50.88168800141805 7.745180058810084 1.0
EDGE: 112 5 44 0 46.23418304949487 19.524692028294663 1.0
EDGE: 113 5 45 0 64.30968277364445 6.687590591044604 1.0
EDGE: 114 5 46 0 29.428856301730473 10.413775290816123 1.0
EDGE: 115 5 47 0 43.33439670175012 16.609736511328272 1.0
EDGE: 116 5 48 0 76.80143695212804 2.0695085384124767 1.0
EDGE: 117 5 49 0 58.14221823558482 8.74250927165481 1.0
EDGE: 118 5 50 0 85.31182860471769 8.344449882550734 1.0
EDGE: 119 5 51 0 78.48789684954288 10.394162052337947 1.0
EDGE: 120 5 52 0 32.97561459902024 4.949636654289308 1.0
EDGE: 121 5 53 0 98.08046855174129 13.85072707367235 1.0
EDGE: 122 5 54 0 26.194622418710157 15.153923473603234 1.0
EDGE: 123 5 55 0 17.758843128670627 8.666262599435063 1.0
EDGE: 124 5 56 0 91.9904380348727 11.050882424155457 1.0
EDGE: 125 5 57 1200 30.308637989284 16.885901767526846 1.0
EDGE: 126 6 33 0 19.24243308723461 6.3112401938634175 1.0
EDGE: 127 6 34 0 22.271802233525914 15.494669225147874 1.0
EDGE: 128 6 35 0 25.531882894172817 18.088818052484648 1.0
EDGE: 129 6 36 0 40.60059368104199 15.13503642975788 1.0
EDGE: 130 6 37 0 78.69371070223808 17.497944855056527 1.0
EDGE: 131 6 38 0 24.507502776490515 17.886184282874826 1.0
EDGE: 132 6 39 0 44.67744756538664 11.83030880085291 1.0
EDGE: 133 6 40 0 85.36263581577764 18.647937870837808 1.0
EDGE: 134 6 41 0 65.81895600514927 7.429221675718553 1.0
EDGE: 135 6 42 0 29.990162809025485 10.422349482322947 1.0
EDGE: 136 6 43 0 56.12447934928861 5.889259184028583 1.0
EDGE: 137 6 44 0 85.21536052950603 15.535890571468114 1.0
EDGE: 138 6 45 0 12.668587028398523 19.99924897471845 1.0
EDGE: 139 6 46 0 34.01385271158843 17.59522897795619 1.0
EDGE: 140 6 47 0 74.707571693026 5.596576904122162 1.0
EDGE: 141 6 48 0 26.114558500917624 15.719552214473756 1.0
EDGE: 142 6 49 0 94.60986373690359 9.250773089231007 1.0
EDGE: 143 6 50 0 48.407954472633 9.342413840700164 1.0
EDGE: 144 6 51 0 37.20502512384326 19.44435664621142 1.0
EDGE: 145 6 52 0 13.011195519009753 11.626065574537183 1.0
EDGE: 146 6 53 0 26.6528834100138 1.6688996768669573 1.0
EDGE: 147 6 54 0 13.34165365422658 4.281244940121584 1.0
EDGE: 148 6 55 0 52.434367188600454 13.604282744514595 1.0
EDGE: 149 6 56 0 51.050446189179915 17.33539143728622 1.0
EDGE: 150 6 57 2000 88.56562195347963 16.299108772206715 1.0
EDGE: 151 7 33 0 89.16751165349613 9.14225324615518 1.0
EDGE: 152 7 34 0 52.63693206963814 9.02024859569617 1.0
EDGE: 153 7 35 0 49.30979351827388 5.675858442465787 1.0
EDGE: 154 7 36 0 43.778053998507616 18.189480432561858 1.0
EDGE: 155 7 37 0 23.304094790573327 12.901819107549478 1.0
EDGE: 156 7 38 0 61.15150054754074 7.575197207697229 1.0
EDGE: 157 7 39 0 92.07618432030469 18.76893254085313 1.0
EDGE: 158 7 40 0 47.075331000781176 9.657147818727086 1.0
EDGE: 159 7 41 0 67.15766625800921 7.1140537629351455 1.0
EDGE: 160 7 42 0 41.377025121232045 3.8321801944307694 1.0
EDGE: 161 7 43 0 32.6622572066489 5.523204790867224 1.0
EDGE: 162 7 44 0 76.08001130447686 2.8789617143260795 1.0
EDGE: 163 7 45 0 68.08293757889733 3.941893033682632 1.0
EDGE: 164 7 46 0 92.02437792404308 15.849633376048606 1.0
EDGE: 165 7 47 0 74.76162773801819 3.5775990520437584 1.0
EDGE: 166 7 48 0 91.52336966391833 16.306379932049246 1.0
EDGE: 167 7 49 0 21.382888290884196 4.387416363725113 1.0
EDGE: 168 7 50 0 43.657198549261516 11.570873656293838 1.0
EDGE: 169 7 51 0 46.343236773176784 10.193796319471895 1.0
EDGE: 170 7 52 0 71.30576007133052 9.404569574095742 1.0
EDGE: 171 7 53 0 57.34764513888832 2.2213805892692804 1.0
EDGE: 172 7 54 0 31.52178612932577 6.28781278854697 1.0
EDGE: 173 7 55 0 21.0847586616432 7.597879521340725 1.0
EDGE: 174 7 56 0 53.346036584559315 12.21573304701909 1.0
EDGE: 175 7 57 2000 88.3324268114977 14.111972826786047 1.0
EDGE: 176 8 33 0 19.66604840915623 17.678891852713498 1.0
EDGE: 177 8 34 0 82.34507665645127 19.271196373057865 1.0
EDGE: 178 8 35 0 52.220046236354406 3.246650611363891 1.0
EDGE: 179 8 36 0 60.87453879834409 12.452784885818627 1.0
EDGE: 180 8 37 0 31.34753664737099 1.9212326208051207 1.0
EDGE: 181 8 38 0 84.6758181708956 16.69044212823357 1.0
EDGE: 182 8 39 0 74.58818530803589 1.1804413063869608 1.0
EDGE: 183 8 40 0 47.84944988440989 17.390003119483676 1.0
EDGE: 184 8 41 0 50.73051337175759 8.377008500874172 1.0
EDGE: 185 8 42 0 87.87194920870917 9.01695925374877 1.0
EDGE: 186 8 43 0 98.41199818042475 18.91254210830191 1.0
EDGE: 187 8 44 0 45.66592144752095 15.548817251691297 1.0
EDGE: 188 8 45 0 90.87210864483819 11.35403406837406 1.0
EDGE: 189 8 46 0 68.561440708166 2.235256152322412 1.0
EDGE: 190 8 47 0 60.959870394560824 3.4109097104390975 1.0
EDGE: 191 8 48 0 61.500190229577214 18.959052003231673 1.0
EDGE: 192 8 49 0 22.99751588921341 17.440574175872925 1.0
EDGE: 193 8 50 0 34.3339913774069 8.240745923505427 1.0
EDGE: 194 8 51 0 80.60175758416206 17.90043572385398 1.0
EDGE: 195 8 52 0 85.56923475637298 7.680011465895237 1.0
EDGE: 196 8 53 0 22.064278905208518 1.9143688189726857 1.0
EDGE: 197 8 54 0 45.40881037374974 18.376703889051946 1.0
EDGE: 198 8 55 0 57.39298850130366 10.871584499850815 1.0
EDGE: 199 8 56 0 83.44308047900543 12.624547407947711 1.0
EDGE: 200 8 57 1600 53.61560637835775 6.725882676778414 1.0
EDGE: 201 9 33 0 98.84146183864075 7.920441759252375 1.0
EDGE: 202 9 34 0 47.44713073592868 17.413247770419517 1.0
EDGE: 203 9 35 0 53.396187222768255 6.082343158859272 1.0
EDGE: 204 9 36 0 66.92277623808648 10.555765595498041 1.0
EDGE: 205 9 37 0 10.269786710949129 19.018702545498172 1.0
EDGE: 206 9 38 0 16.097914435324398 4.3698185131231115 1.0
EDGE: 207 9 39 0 13.797888768678668 8.442417178557696 1.0
EDGE: 208 9 40 0 39.41659566942624 17.446539445324774 1.0
EDGE: 209 9 41 0 58.19886493823044 8.57227352941878 1.0
EDGE: 210 9 42 0 94.85022274074375 14.822484465118976 1.0
EDGE: 211 9 43 0 55.541901331444336 2.614845886522406 1.0
EDGE: 212 9 44 0 97.40791342500123 12.508498185426346 1.0
EDGE: 213 9 45 0 95.82505630743773 2.569818562639951 1.0
EDGE: 214 9 46 0 37.1201429062014 13.394738313532127 1.0
EDGE: 215 9 47 0 54.51487612343677 7.65170504291428 1.0
EDGE: 216 9 48 0 38.09720790661535 3.1998289228977734 1.0
EDGE: 217 9 49 0 55.3990991079602 15.370927290626 1.0
EDGE: 218 9 50 0 77.7640801111015 11.882109799938757 1.0
EDGE: 219 9 51 0 79.10405031940375 17.067228973936025 1.0
EDGE: 220 9 52 0 97.87322888821535 3.6809526916283954 1.0
EDGE: 221 9 53 0 90.12826595643737 9.438386255241989 1.0
EDGE: 222 9 54 0 91.39693463724902 9.706112236225353 1.0
EDGE: 223 9 55 0 97.74391796730703 1.35718948171656 1.0
EDGE: 224 9 56 0 41.90070696182735 9.74308056269118 1.0
EDGE: 225 9 57 2600 38.6175948882596 19.01966437330127 1.0
EDGE: 226 10 33 0 64.49933503417016 5.692412916412486 1.0
EDGE: 227 10 34 0 21.502003323212698 3.217494297158365 1.0
EDGE: 228 10 35 0 39.99712735370545 11.810994004599275 1.0
EDGE: 229 10 36 0 56.850166882007635 10.277623125053623 1.0
EDGE: 230 10 37 0 36.313948059861616 14.67321680736594 1.0
EDGE: 231 10 38 0 36.703659496724754 11.96200097047788 1.0
EDGE: 232 10 39 0 43.79855134688628 17.520037177620125 1.0
EDGE: 233 10 40 0 32.70645865057887 19.370439419926324 1.0
EDGE: 234 10 41 0 93.53083522211722 3.4138747017166295 1.0
EDGE: 235 10 42 0 12.595962814948843 6.639553419051559 1.0
EDGE: 236 10 43 0 50.21452353162771 17.36733376107888 1.0
EDGE: 237 10 44 0 78.02275393519317 7.980750340985223 1.0
EDGE: 238 10 45 0 13.761886095283437 2.363704649667857 1.0
EDGE: 239 10 46 0 99.05064590804432 6.350236744175611 1.0
EDGE: 240 10 47 0 36.17202263893982 16.937220527794388 1.0
EDGE: 241 10 48 0 73.18861129062208 15.79401707845619 1.0
EDGE: 242 10 49 0 42.80429957869677 3.731036154278996 1.0
EDGE: 243 10 50 0 39.30610639673874 4.260845928347446 1.0
EDGE: 244 10 51 0 59.64848076764167 12.200897524086798 1.0
EDGE: 245 10 52 0 19.28340646655187 11.426106212013547 1.0
EDGE: 246 10 53 0 60.693137907236505 16.38247075997918 1.0
EDGE: 247 10 54 0 32.748470394684944 3.8195810120006266 1.0
EDGE: 248 10 55 0 31.99387167549584 12.390300659358966 1.0
EDGE: 249 10 56 0 72.75192591575195 2.300090182128875 1.0
EDGE: 250 10 57 3200 61.54294469681351 2.0663637058250677 1.0
EDGE: 251 11 33 0 42.73172356615334 14.669954735151212 1.0
EDGE: 252 11 34 0 16.541851370614623 5.946190618127384 1.0
EDGE: 253 11 35 0 37.61902953395903 13.972265959553006 1.0
EDGE: 254 11 36 0 12.178414284302123 6.460521122622407 1.0
EDGE: 255 11 37 0 24.4369090685075 17.763920996056353 1.0
EDGE: 256 11 38 0 18.50996374363064 12.040461350406328 1.0
EDGE: 257 11 39 0 70.24337525540255 5.407395168834886 1.0
EDGE: 258 11 40 0 34.55413717234876 19.54411801166961 1.0
EDGE: 259 11 41 0 37.77036756902925 4.174223985324103 1.0
EDGE: 260 11 42 0 31.188914593393047 18.17266714951802 1.0
EDGE: 261 11 43 0 31.610198127896695 14.703158163142673 1.0
EDGE: 262 11 44 0 56.96339274531005 11.793837429806402 1.0
EDGE: 263 11 45 0 20.30106560419907 2.1059630408383403 1.0
EDGE: 264 11 46 0 23.420905329010186 3.340768742011849 1.0
EDGE: 265 11 47 0 52.1631659957228 12.763831534976164 1.0
EDGE: 266 11 48 0 59.036023454485765 3.704221113056396 1.0
EDGE: 267 11 49 0 75.23697674216235 6.6073776118907865 1.0
EDGE: 268 11 50 0 93.36702299547729 18.286096266277283 1.0
EDGE: 269 11 51 0 14.175286979869572 6.423181276913816 1.0
EDGE: 270 11 52 0 55.525353592272246 7.132246969015989 1.0
EDGE: 271 11 53 0 59.440513536724495 11.479851058470839 1.0
EDGE: 272 11 54 0 23.56370070448662 9.31253635946294 1.0
EDGE: 273 11 55 0 66.65888283722771 1.5165765470304775 1.0
EDGE: 274 11 56 0 43.88418148898346 18.96612168842402 1.0
EDGE: 275 11 57 1200 46.483037765517494 19.887133710396288 1.0
EDGE: 276 12 33 0 82.26823975324078 3.1799293381598255 1.0
EDGE: 277 12 34 0 57.81462350487366 6.402321349326206 1.0
EDGE: 278 12 35 0 50.629827027428824 19.61828890059524 1.0
EDGE: 279 12 36 0 89.73842816521811 5.163783629113601 1.0
EDGE: 280 12 37 0 56.0933860551943 16.571694734221715 1.0
EDGE: 281 12 38 0 90.0196275233079 9.432204553849312 1.0
EDGE: 282 12 39 0 51.49824989794952 4.842664622283195 1.0
EDGE: 283 12 40 0 50.51570767547427 2.3228254968508724 1.0
EDGE: 284 12 41 0 68.93097898763443 3.6366672074717394 1.0
EDGE: 285 12 42 0 82.3546209625734 15.871269530562854 1.0
EDGE: 286 12 43 0 80.38722451231605 3.3760808892333536 1.0
EDGE: 287 12 44 0 76.2307362265101 16.76263060590505 1.0
EDGE: 288 12 45 0 82.16466259781743 3.1051574160813553 1.0
EDGE: 289 12 46 0 95.67016088622404 1.7668029722715455 1.0
EDGE: 290 12 47 0 32.08857761145731 13.903957530531814 1.0
EDGE: 291 12 48 0 63.61696571764832 6.673014409037711 1.0
EDGE: 292 12 49 0 11.171647768271649 19.47922751066647 1.0
EDGE: 293 12 50 0 25.191920000382066 3.2665393675832366 1.0
EDGE: 294 12 51 0 13.809490578677995 3.8501860893531004 1.0
EDGE: 295 12 52 0 41.975253833988546 5.640551206296278 1.0
EDGE: 296 12 53 0 53.11354881059694 8.797187905469155 1.0
EDGE: 297 12 54 0 55.6650398639594 8.886089759127938 1.0
EDGE: 298 12 55 0 30.482863105602856 17.4912365071844 1.0
EDGE: 299 12 56 0 81.46274810063015 14.953110356652605 1.0
EDGE: 300 12 57 2600 11.016284429475864 16.47231178759916 1.0
EDGE: 301 13 33 0 34.03753455513163 6.225583037468745 1.0
EDGE: 302 13 34 0 38.866736199191365 3.894481050645978 1.0
EDGE: 303 13 35 0 41.42082341063296 17.103609626067026 1.0
EDGE: 304 13 36 0 89.13901958756841 1.705767505896298 1.0
EDGE: 305 13 37 0 54.68276558118483 2.6355309540261453 1.0
EDGE: 306 13 38 0 55.432787270315345 1.1807356224688557 1.0
EDGE: 307 13 39 0 13.742092472731477 5.992987795393297 1.0
EDGE: 308 13 40 0 54.6322025860224 3.973772095317388 1.0
EDGE: 309 13 41 0 52.1609833378694 10.33190878403694 1.0
EDGE: 310 13 42 0 93.04387919898883 2.611023411265808 1.0
EDGE: 311 13 43 0 66.27646168616002 5.332394121586895 1.0
EDGE: 312 13 44 0 50.484637681449136 15.088961831577837 1.0
EDGE: 313 13 45 0 66.51991567224545 5.4604571604279855 1.0
EDGE: 314 13 46 0 61.42066672901143 7.997552527994851 1.0
EDGE: 315 13 47 0 51.27627468738081 8.744602154951366 1.0
EDGE: 316 13 48 0 44.7596314608428 3.335980240731007 1.0
EDGE: 317 13 49 0 56.13443774718473 3.6101995577245436 1.0
EDGE: 318 13 50 0 36.397287684667575 3.938917396826374 1.0
EDGE: 319 13 51 0 63.880493277296004 3.06463333163646 1.0
EDGE: 320 13 52 0 31.12020157505523 4.18128908456553 1.0
EDGE: 321 13 53 0 23.08529035046875 14.27618151311756 1.0
EDGE: 322 13 54 0 42.966084694749064 15.379515265190998 1.0
EDGE: 323 13 55 0 65.63795395042213 8.339608319639058 1.0
EDGE: 324 13 56 0 35.64334984248278 2.0571922709873953 1.0
EDGE: 325 13 57 2400 46.07686341228929 16.77142747942002 1.0
EDGE: 326 14 33 0 27.11141978526053 9.99318278764429 1.0
EDGE: 327 14 34 0 68.06969130884764 11.02781210376478 1.0
EDGE: 328 14 35 0 64.92338698247256 11.720085571440611 1.0
EDGE: 329 14 36 0 85.89405076612174 5.0881160177174785 1.0
EDGE: 330 14 37 0 61.432532890493405 6.891051409499005 1.0
EDGE: 331 14 38 0 21.270310256062665 8.896977764186353 1.0
EDGE: 332 14 39 0 40.46433512998592 7.6829172814582005 1.0
EDGE: 333 14 40 0 58.39815268364211 16.207974037517936 1.0
EDGE: 334 14 41 0 19.555466410692535 19.153621125541793 1.0
EDGE: 335 14 42 0 82.54842775778089 6.121791921380428 1.0
EDGE: 336 14 43 0 34.36138197998112 15.221874405129729 1.0
EDGE: 337 14 44 0 40.061859040748644 18.36188965971801 1.0
EDGE: 338 14 45 0 24.334056486867972 10.687053604761582 1.0
EDGE: 339 14 46 0 50.106183499201315 6.080614910952304 1.0
EDGE: 340 14 47 0 41.27140332532188 11.457283746408011 1.0
EDGE: 341 14 48 0 21.043272211000016 10.738744693312546 1.0
EDGE: 342 14 49 0 94.83998495778133 9.90368284079622 1.0
EDGE: 343 14 50 0 76.7577999926945 11.351424606693508 1.0
EDGE: 344 14 51 0 51.67253722440507 7.008732578769053 1.0
EDGE: 345 14 52 0 60.7990199778894 2.1434651686764057 1.0
EDGE: 346 14 53 0 27.14188998745034 9.726746867123186 1.0
EDGE: 347 14 54 0 98.6872169463467 2.4069741241610876 1.0
EDGE: 348 14 55 0 21.41284131446376 13.72440790229799 1.0
EDGE: 349 14 56 0 81.23640281011748 11.104288370247005 1.0
EDGE: 350 14 57 1200 93.87354676255953 5.419334732992055 1.0
EDGE: 351 15 33 0 94.2447831295555 18.50917204000154 1.0
EDGE: 352 15 34 0 52.547992366857976 2.9846564116164993 1.0
EDGE: 353 15 35 0 62.40462310907407 1.9292552869526445 1.0
EDGE: 354 15 36 0 87.59110283707548 8.737556525955451 1.0
EDGE: 355 15 37 0 47.78300372402035 8.30267819052882 1.0
EDGE: 356 15 38 0 20.46805960030917 16.079759936893527 1.0
EDGE: 357 15 39 0 55.72507564140884 13.21191248399006 1.0
EDGE: 358 15 40 0 82.91937818235033 9.907927522653521 1.0
EDGE: 359 15 41 0 23.531365288352102 10.607721986046963 1.0
EDGE: 360 15 42 0 42.31333096495858 18.16193159569749 1.0
EDGE: 361 15 43 0 59.760682392884526 13.286241657324226 1.0
EDGE: 362 15 44 0 82.48723463657925 10.928975103074848 1.0
EDGE: 363 15 45 0 34.51021218476396 9.912134888816494 1.0
EDGE: 364 15 46 0 31.679218548787215 18.271530815396524 1.0
EDGE: 365 15 47 0 73.52432079382731 5.130801440758033 1.0
EDGE: 366 15 48 0 31.651995307596735 6.69706205804735 1.0
EDGE: 367 15 49 0 21.483687208336363 8.06260568988752 1.0
EDGE: 368 15 50 0 94.61020890823274 8.937497367667888 1.0
EDGE: 369 15 51 0 12.326274908187724 10.222091516405007 1.0
EDGE: 370 15 52 0 67.0129373983404 18.456429545862953 1.0
EDGE: 371 15 53 0 76.95173843051285 17.655153347041338 1.0
EDGE: 372 15 54 0 11.882884474540907 19.85200144233471 1.0
EDGE: 373 15 55 0 71.16079742855709 16.837133790806988 1.0
EDGE: 374 15 56 0 53.71384705559399 18.07345757462051 1.0
EDGE: 375 15 57 1400 59.18118488075186 5.624815543547178 1.0
EDGE: 376 16 33 0 12.57800731867254 10.119316413898744 1.0
EDGE: 377 16 34 0 50.63168256485406 16.30527360947833 1.0
EDGE: 378 16 35 0 76.53462216041244 18.635147115556897 1.0
EDGE: 379 16 36 0 81.27584576020047 5.53456216920109 1.0
EDGE: 380 16 37 0 93.94166192200444 7.578907364278442 1.0
EDGE: 381 16 38 0 30.416944374548876 3.709198886461284 1.0
EDGE: 382 16 39 0 39.77195994060264 17.871817760241957 1.0
EDGE: 383 16 40 0 30.285731175733098 9.063420841593128 1.0
EDGE: 384 16 41 0 92.5354629877949 10.702739750144387 1.0
EDGE: 385 16 42 0 95.27253414975192 9.535177007331347 1.0
EDGE: 386 16 43 0 40.90909118378185 12.904025593151278 1.0
EDGE: 387 16 44 0 51.35530042932561 7.193826783412587 1.0
EDGE: 388 16 45 0 11.675828963965673 4.566807223924871 1.0
EDGE: 389 16 46 0 58.5751189893915 19.772514177166816 1.0
EDGE: 390 16 47 0 33.07457513261063 19.813699439323457 1.0
EDGE: 391 16 48 0 61.91077512227197 19.59818672183596 1.0
EDGE: 392 16 49 0 20.162311218916944 5.396875918821985 1.0
EDGE: 393 16 50 0 38.403941002495756 2.9622274457712283 1.0
EDGE: 394 16 51 0 81.29017853152959 12.53949676115108 1.0
EDGE: 395 16 52 0 50.886519814736204 7.724666011464685 1.0
EDGE: 396 16 53 0 77.29499161086784 10.188450435596417 1.0
EDGE: 397 16 54 0 41.161726967727574 15.694942575324692 1.0
EDGE: 398 16 55 0 87.5077871924761 18.59637793025618 1.0
EDGE: 399 16 56 0 37.99048152346039 4.082190345589758 1.0
EDGE: 400 16 57 2600 39.18093436912541 12.900956293362764 1.0
EDGE: 401 17 33 0 37.73464911972448 16.058004585288135 1.0
EDGE: 402 17 34 0 19.435400371000235 1.119397317278759 1.0
EDGE: 403 17 35 0 98.00870213922614 11.224669558517881 1.0
EDGE: 404 17 36 0 21.329711733297195 1.7261429496653125 1.0
EDGE: 405 17 37 0 37.19137796593128 2.5318101760275624 1.0
EDGE: 406 17 38 0 58.1521844834508 11.731716154214602 1.0
EDGE: 407 17 39 0 45.14887493032248 2.9344382812009564 1.0
EDGE: 408 17 40 0 72.53798792774572 3.9307035676863964 1.0
EDGE: 409 17 41 0 23.021164772565673 12.835359058376614 1.0
EDGE: 410 17 42 0 79.5125854946796 15.736832497788178 1.0
EDGE: 411 17 43 0 82.42297798908051 18.104915007340328 1.0
EDGE: 412 17 44 0 15.063155436314496 16.773115918979315 1.0
EDGE: 413 17 45 0 66.91101608107644 11.221022631966113 1.0
EDGE: 414 17 46 0 44.339500646815644 7.135030134154165 1.0
EDGE: 415 17 47 0 31.068971880982435 14.8224831089915 1.0
EDGE: 416 17 48 0 36.08605375217715 4.994698900845625 1.0
EDGE: 417 17 49 0 35.06190728146627 15.718531003247818 1.0
EDGE: 418 17 50 0 82.40652226960269 4.96404628336653 1.0
EDGE: 419 17 51 0 65.01154741474707 7.147585449568498 1.0
EDGE: 420 17 52 0 95.46272969912191 12.38489188796934 1.0
EDGE: 421 17 53 0 12.044069440643966 18.82818159911608 1.0
EDGE: 422 17 54 0 45.20923824959782 16.463957395809988 1.0
EDGE: 423 17 55 0 25.3619389560941 19.095042361959056 1.0
EDGE: 424 17 56 0 84.76527888685469 16.920748283085196 1.0
EDGE: 425 17 57 3400 47.19134200973158 15.163264421491325 1.0
EDGE: 426 18 33 0 12.525593852097092 14.56628573025345 1.0
EDGE: 427 18 34 0 59.95681334347065 17.313585772138016 1.0
EDGE: 428 18 35 0 62.61172739663317 13.980652185025884 1.0
EDGE: 429 18 36 0 78.53457866983317 12.541704367548473 1.0
EDGE: 430 18 37 0 87.76532093075855 15.207322891377622 1.0
EDGE: 431 18 38 0 22.936208254202405 2.9646135735488333 1.0
EDGE: 432 18 39 0 71.28500667085989 14.132250388291617 1.0
EDGE: 433 18 40 0 79.2741244211766 17.026927268958705 1.0
EDGE: 434 18 41 0 67.10842580774309 16.965671317703958 1.0
EDGE: 435 18 42 0 19.360534102666552 6.300160996349501 1.0
EDGE: 436 18 43 0 29.64096058637934 2.994604668778017 1.0
EDGE: 437 18 44 0 21.791348492925955 1.4179387499452536 1.0
EDGE: 438 18 45 0 17.432732471612102 2.5240081083169454 1.0
EDGE: 439 18 46 0 69.86664282324777 12.440092793670697 1.0
EDGE: 440 18 47 0 17.305430979584536 5.674563364735208 1.0
EDGE: 441 18 48 0 64.19924179084441 18.688627087474604 1.0
EDGE: 442 18 49 0 98.03051663225135 11.455061986912714 1.0
EDGE: 443 18 50 0 20.36295750310711 17.848512422738366 1.0
EDGE: 444 18 51 0 95.16040620063117 18.277350129542576 1.0
EDGE: 445 18 52 0 14.432080894463937 13.876281438360268 1.0
EDGE: 446 18 53 0 31.11415620152072 8.831815718983613 1.0
EDGE: 447 18 54 0 11.763662194211355 18.009391476764392 1.0
EDGE: 448 18 55 0 67.11922532068473 5.99137311220294 1.0
EDGE: 449 18 56 0 96.87414988658269 8.919328972304854 1.0
EDGE: 450 18 57 1200 66.11088872418435 15.161921949451209 1.0
EDGE: 451 19 33 0 24.761959280697816 11.801416111701684 1.0
EDGE: 452 19 34 0 38.190849391588614 15.247250177164183 1.0
EDGE: 453 19 35 0 96.52752336785136 4.94429444990627 1.0
EDGE: 454 19 36 0 62.746609374447786 13.146339680360185 1.0
EDGE: 455 19 37 0 74.64238568439508 13.07205372376738 1.0
EDGE: 456 19 38 0 13.83319104077426 10.451057949325008 1.0
EDGE: 457 19 39 0 75.71891669141878 10.501972194794782 1.0
EDGE: 458 19 40 0 67.91872762301327 1.7621901145839711 1.0
EDGE: 459 19 41 0 21.132189920156677 2.9108383205628368 1.0
EDGE: 460 19 42 0 25.595517824114907 14.791793500903422 1.0
EDGE: 461 19 43 0 98.34560140597995 15.252823058832767 1.0
EDGE: 462 19 44 0 91.35809799735468 17.169830308370656 1.0
EDGE: 463 19 45 0 28.29177737708224 3.1218727454969715 1.0
EDGE: 464 19 46 0 18.04989513855805 13.623059014123163 1.0
EDGE: 465 19 47 0 86.66036377900213 13.60158689578802 1.0
EDGE: 466 19 48 0 25.080010853615086 15.944145340534408 1.0
EDGE: 467 19 49 0 99.44421108513356 14.395553842637339 1.0
EDGE: 468 19 50 0 82.01172300926936 9.918963615715828 1.0
EDGE: 469 19 51 0 35.59556205596607 11.781112950018187 1.0
EDGE: 470 19 52 0 21.624242489574552 10.130060838585802 1.0
EDGE: 471 19 53 0 82.14378204874271 18.679509661789496 1.0
EDGE: 472 19 54 0 89.04930841324166 13.304245072898294 1.0
EDGE: 473 19 55 0 89.62620265990441 8.8854128316803 1.0
EDGE: 474 19 56 0 26.084166610344845 7.6222737383855526 1.0
EDGE: 475 19 57 2800 98.18363506581484 17.248763567712974 1.0
EDGE: 476 20 33 0 32.28251001974324 10.158607245555505 1.0
EDGE: 477 20 34 0 77.17211915026837 18.351926876998455 1.0
EDGE: 478 20 35 0 36.924930499552495 14.369198021417954 1.0
EDGE: 479 20 36 0 93.64246813703683 18.97510897395523 1.0
EDGE: 480 20 37 0 38.4704506537395 19.295281080485363 1.0
EDGE: 481 20 38 0 77.5391808509278 6.393014793788974 1.0
EDGE: 482 20 39 0 60.590699248771415 12.901136896127563 1.0
EDGE: 483 20 40 0 83.97027394953545 7.2957101314560076 1.0
EDGE: 484 20 41 0 96.38828474179522 14.713798813750426 1.0
EDGE: 485 20 42 0 85.39958948535015 3.8766613907760625 1.0
EDGE: 486 20 43 0 74.90094859918962 2.68266571004466 1.0
EDGE: 487 20 44 0 59.11316702078187 9.380916372990331 1.0
EDGE: 488 20 45 0 86.49303079874119 9.92699369694615 1.0
EDGE: 489 20 46 0 77.81121755085299 2.156401495967841 1.0
EDGE: 490 20 47 0 46.235836570361556 16.78923875787537 1.0
EDGE: 491 20 48 0 43.67726364568177 11.001297316184742 1.0
EDGE: 492 20 49 0 66.87846426123954 9.362210383477382 1.0
EDGE: 493 20 50 0 78.77602933561775 3.3504653381420475 1.0
EDGE: 494 20 51 0 45.51062638340378 10.408013332187997 1.0
EDGE: 495 20 52 0 87.13161665850816 11.593896335447251 1.0
EDGE: 496 20 53 0 50.51907938542689 7.33674112187345 1.0
EDGE: 497 20 54 0 86.3375450158814 6.570141418659763 1.0
EDGE: 498 20 55 0 57.93917341912645 10.662892007622773 1.0
EDGE: 499 20 56 0 49.05022311458748 1.0277041431043727 1.0
EDGE: 500 20 57 2600 38.803110150351735 6.107476572820373 1.0
EDGE: 501 21 33 0 87.21738471368025 15.597357015168159 1.0
EDGE: 502 21 34 0 71.58647956386217 5.263783866430213 1.0
EDGE: 503 21 35 0 34.39309617455979 19.568349223841512 1.0
EDGE: 504 21 36 0 86.35460547334 5.494777337034555 1.0
EDGE: 505 21 37 0 23.990856975876248 1.5114804224622094 1.0
EDGE: 506 21 38 0 39.71030488470841 16.48008593938731 1.0
EDGE: 507 21 39 0 83.8263844274067 6.542006396496024 1.0
EDGE: 508 21 40 0 82.14457952440904 11.580563221196288 1.0
EDGE: 509 21 41 0 29.80162721373552 19.765339692747183 1.0
EDGE: 510 21 42 0 31.89184401025809 8.938380473699615 1.0
EDGE: 511 21 43 0 64.0815741915165 17.198527608472823 1.0
EDGE: 512 21 44 0 11.891219034818711 16.980621799114417 1.0
EDGE: 513 21 45 0 75.61543592820733 16.21045971559535 1.0
EDGE: 514 21 46 0 78.95547056957975 1.7443535487694837 1.0
EDGE: 515 21 47 0 73.35373523120353 19.273788592536135 1.0
EDGE: 516 21 48 0 26.74915363473035 19.191134144706687 1.0
EDGE: 517 21 49 0 65.01289019023267 15.571520610378514 1.0
EDGE: 518 21 50 0 26.67752756122287 14.428932633292824 1.0
EDGE: 519 21 51 0 56.73884274574215 19.751254641881147 1.0
EDGE: 520 21 52 0 93.28778586721191 10.509424390164272 1.0
EDGE: 521 21 53 0 61.52130490675338 17.870031910296227 1.0
EDGE: 522 21 54 0 73.28419785041328 8.218638978414589 1.0
EDGE: 523 21 55 0 26.710158867108987 18.32276592816858 1.0
EDGE: 524 21 56 0 79.75868825466438 6.028919094758337 1.0
EDGE: 525 21 57 2200 63.48561868285542 11.297227209513625 1.0
EDGE: 526 22 33 0 55.73843534842342 3.130164897776119 1.0
EDGE: 527 22 34 0 33.63366629035883 6.048540805350919 1.0
EDGE: 528 22 35 0 53.65205870049004 5.208334968783792 1.0
EDGE: 529 22 36 0 91.47836215182166 16.03617771623761 1.0
EDGE: 530 22 37 0 49.81594145141534 19.389164184888813 1.0
EDGE: 531 22 38 0 21.322577505962784 18.716398373339533 1.0
EDGE: 532 22 39 0 25.542245625390855 10.515078673121582 1.0
EDGE: 533 22 40 0 93.24870090131871 16.53312400392619 1.0
EDGE: 534 22 41 0 78.97022361913076 4.673264303056976 1.0
EDGE: 535 22 42 0 62.63090555251155 7.400200159951642 1.0
EDGE: 536 22 43 0 84.22232473338626 17.64286846213073 1.0
EDGE: 537 22 44 0 71.21052550307544 19.718025535947916 1.0
EDGE: 538 22 45 0 56.986713965203506 3.679296242580005 1.0
EDGE: 539 22 46 0 30.086088913708988 10.717509363965858 1.0
EDGE: 540 22 47 0 68.12774417135648 5.803573847722226 1.0
EDGE: 541 22 48 0 27.46961613869544 1.6743312195950772 1.0
EDGE: 542 22 49 0 99.42593377749708 9.5147450180155 1.0
EDGE: 543 22 50 0 96.56068195904422 11.286469216457556 1.0
EDGE: 544 22 51 0 78.049038752664 13.593273426175848 1.0
EDGE: 545 22 52 0 41.38986639890156 18.257966601058733 1.0
EDGE: 546 22 53 0 78.85574487215503 19.413414718378988 1.0
EDGE: 547 22 54 0 40.98311159869462 17.881902300707527 1.0
EDGE: 548 22 55 0 76.13359111662834 5.9325324248712334 1.0
EDGE: 549 22 56 0 74.69856826786969 14.165540674147243 1.0
EDGE: 550 22 57 3000 88.87263614884027 19.27531844423557 1.0
EDGE: 551 23 33 0 14.087496799898446 2.7906233279492785 1.0
EDGE: 552 23 34 0 56.17647133981041 16.580898128639788 1.0
EDGE: 553 23 35 0 89.1307616454124 4.951772444309277 1.0
EDGE: 554 23 36 0 61.912105026314194 1.5307794002633985 1.0
EDGE: 555 23 37 0 19.202522247617534 7.8659776847646405 1.0
EDGE: 556 23 38 0 20.200327506464042 5.7256153091529125 1.0
EDGE: 557 23 39 0 71.61263834872929 14.496133708935577 1.0
EDGE: 558 23 40 0 25.848067373682298 6.828758290319368 1.0
EDGE: 559 23 41 0 43.07938425440134 10.781593153195953 1.0
EDGE: 560 23 42 0 76.32434534306522 12.144558967686965 1.0
EDGE: 561 23 43 0 11.984022721947841 5.418712725453481 1.0
EDGE: 562 23 44 0 54.38135829866599 9.04939498231938 1.0
EDGE: 563 23 45 0 71.75879483785468 16.984351456943262 1.0
EDGE: 564 23 46 0 72.92226954084457 1.443385948436271 1.0
EDGE: 565 23 47 0 58.25990672523085 1.9452969269207716 1.0
EDGE: 566 23 48 0 46.217273501481564 14.140769680691282 1.0
EDGE: 567 23 49 0 36.47704865957509 6.846582606428217 1.0
EDGE: 568 23 50 0 74.06948073135278 8.86690669642348 1.0
EDGE: 569 23 51 0 84.43104285621149 15.721671995459337 1.0
EDGE: 570 23 52 0 98.03219343911827 2.279882898595368 1.0
EDGE: 571 23 53 0 94.61114947279837 13.517470576281104 1.0
EDGE: 572 23 54 0 11.279146219969508 16.18467475346977 1.0
EDGE: 573 23 55 0 65.8036116675624 12.07714139879844 1.0
EDGE: 574 23 56 0 76.22925073743251 7.857854654595538 1.0
EDGE: 575 23 57 3000 30.663004795931926 17.973686311647572 1.0
EDGE: 576 24 33 0 86.52742637244532 9.150794416907909 1.0
EDGE: 577 24 34 0 46.87793772916082 2.2372665314887388 1.0
EDGE: 578 24 35 0 52.483072367014145 4.789343318464171 1.0
EDGE: 579 24 36 0 72.28268143590074 12.769231500674378 1.0
EDGE: 580 24 37 0 81.56774134834212 16.037948118209613 1.0
EDGE: 581 24 38 0 16.76628018638783 4.985819674930259 1.0
EDGE: 582 24 39 0 28.07358116012312 5.646180000850841 1.0
EDGE: 583 24 40 0 16.330718508545033 15.984506561472136 1.0
EDGE: 584 24 41 0 48.53410823965616 3.745643096844051 1.0
EDGE: 585 24 42 0 97.14968115075521 1.275962658268179 1.0
EDGE: 586 24 43 0 72.0088613625619 4.1152262726715945 1.0
EDGE: 587 24 44 0 39.979509355457665 6.874595623942462 1.0
EDGE: 588 24 45 0 86.83353319192146 1.9826749628299607 1.0
EDGE: 589 24 46 0 97.77387125230777 5.290640319957071 1.0
EDGE: 590 24 47 0 17.93708352661839 17.280445163385526 1.0
EDGE: 591 24 48 0 91.8537463222912 1.7167697805187991 1.0
EDGE: 592 24 49 0 61.32746856607778 9.023811403885139 1.0
EDGE: 593 24 50 0 14.484251799816317 14.45219287526343 1.0
EDGE: 594 24 51 0 24.84748673342215 9.229196621480192 1.0
EDGE: 595 24 52 0 68.20991565804165 13.357209030504027 1.0
EDGE: 596 24 53 0 26.802337152759634 11.540694196879857 1.0
EDGE: 597 24 54 0 74.79991800949216 18.881188463755812 1.0
EDGE: 598 24 55 0 66.56044161404307 9.482747669454648 1.0
EDGE: 599 24 56 0 99.15487807457853 17.95694504142031 1.0
EDGE: 600 24 57 2400 53.72910801630476 14.006960231399372 1.0
EDGE: 601 25 33 0 16.026766888119308 3.8044734702450747 1.0
EDGE: 602 25 34 0 15.006558630062969 17.751002207936224 1.0
EDGE: 603 25 35 0 89.90348333389738 14.43701807400273 1.0
EDGE: 604 25 36 0 40.31194609670614 11.177581403854507 1.0
EDGE: 605 25 37 0 70.909659595753 11.412441043857745 1.0
EDGE: 606 25 38 0 92.29485971853084 8.511451742980316 1.0
EDGE: 607 25 39 0 92.0752772011413 15.122859254158149 1.0
EDGE: 608 25 40 0 95.8259188057015 8.142422391213078 1.0
EDGE: 609 25 41 0 15.823634935223566 5.665521071146308 1.0
EDGE: 610 25 42 0 26.570022018481318 6.912340949428874 1.0
EDGE: 611 25 43 0 20.03024108424038 15.087886159201688 1.0
EDGE: 612 25 44 0 10.243768334179403 2.4540172952794004 1.0
EDGE: 613 25 45 0 16.504197437774124 5.549884666745817 1.0
EDGE: 614 25 46 0 16.658680938523283 17.500055573062188 1.0
EDGE: 615 25 47 0 17.243620016006496 6.696317805495102 1.0
EDGE: 616 25 48 0 15.151736930409108 13.82956699781523 1.0
EDGE: 617 25 49 0 76.31667669207114 2.2823712505556704 1.0
EDGE: 618 25 50 0 40.50479323605097 5.270727433785874 1.0
EDGE: 619 25 51 0 77.71979807499581 10.845211727146713 1.0
EDGE: 620 25 52 0 90.95447130063235 18.927152554988186 1.0
EDGE: 621 25 53 0 22.064623718422716 11.964632407444228 1.0
EDGE: 622 25 54 0 72.39405675531636 14.54605780390231 1.0
EDGE: 623 25 55 0 47.445239350049825 1.405717058648519 1.0
EDGE: 624 25 56 0 25.3689719338517 9.696169302661623 1.0
EDGE: 625 25 57 1800 72.33728931520571 7.186494369769685 1.0
EDGE: 626 26 33 0 83.9674049292736 17.17336071863787 1.0
EDGE: 627 26 34 0 50.88049243685837 17.363546027987997 1.0
EDGE: 628 26 35 0 88.20761886677174 13.801978133500207 1.0
EDGE: 629 26 36 0 53.39616224927731 3.0785412461326866 1.0
EDGE: 630 26 37 0 54.02355794028466 12.549824944876676 1.0
EDGE: 631 26 38 0 37.49126047820102 16.158665983650117 1.0
EDGE: 632 26 39 0 27.45025444287758 10.624776635550752 1.0
EDGE: 633 26 40 0 97.60056661981876 3.31391375860251 1.0
EDGE: 634 26 41 0 32.11063925686551 8.970991918441271 1.0
EDGE: 635 26 42 0 23.31852400737441 9.7242086996058 1.0
EDGE: 636 26 43 0 31.605318371784946 18.33268881824909 1.0
EDGE: 637 26 44 0 79.37231772505903 5.559329292419094 1.0
EDGE: 638 26 45 0 30.906842123771046 9.80345800202108 1.0
EDGE: 639 26 46 0 82.58774408744767 17.724599931068514 1.0
EDGE: 640 26 47 0 13.36007196923583 19.529074699902207 1.0
EDGE: 641 26 48 0 83.69945185458026 18.875321134755477 1.0
EDGE: 642 26 49 0 62.39017886247902 13.981789597305081 1.0
EDGE: 643 26 50 0 44.35710081934504 18.492906248237315 1.0
EDGE: 644 26 51 0 49.519851898589 19.974054518887506 1.0
EDGE: 645 26 52 0 62.179006537875956 7.565693080392749 1.0
EDGE: 646 26 53 0 92.79727476059475 2.3296611621519516 1.0
EDGE: 647 26 54 0 19.20482823901072 2.1674007051976973 1.0
EDGE: 648 26 55 0 42.23641577516522 2.8802570531583074 1.0
EDGE: 649 26 56 0 71.59887337738672 17.976196623920156 1.0
EDGE: 650 26 57 2800 51.371236725027806 14.205209479429204 1.0
EDGE: 651 27 33 0 90.95557787787843 2.5273486180295635 1.0
EDGE: 652 27 34 0 86.52532531871425 16.282783695954713 1.0
EDGE: 653 27 35 0 60.05870536110201 3.742424368213939 1.0
EDGE: 654 27 36 0 27.89857591182108 19.970607716547068 1.0
EDGE: 655 27 37 0 28.445869324691564 3.028011045584709 1.0
EDGE: 656 27 38 0 59.07241600431858 3.9833904111353133 1.0
EDGE: 657 27 39 0 55.62989005411699 4.986923188220668 1.0
EDGE: 658 27 40 0 74.03520109643813 16.785859417248204 1.0
EDGE: 659 27 41 0 52.328593590509236 11.534866680739047 1.0
EDGE: 660 27 42 0 93.32930426141903 16.56889252276586 1.0
EDGE: 661 27 43 0 82.55458665748705 6.965527291606128 1.0
EDGE: 662 27 44 0 13.421466020703017 15.226808037261225 1.0
EDGE: 663 27 45 0 91.91657933518178 9.257053992412947 1.0
EDGE: 664 27 46 0 95.89798251238136 14.003782288131632 1.0
EDGE: 665 27 47 0 29.98382358161916 19.662906221633655 1.0
EDGE: 666 27 48 0 25.586282115780495 2.227368110942392 1.0
EDGE: 667 27 49 0 97.06521860253469 11.380029796211856 1.0
EDGE: 668 27 50 0 59.204455782498556 10.297071853105317 1.0
EDGE: 669 27 51 0 58.2546585458566 7.837336154372754 1.0
EDGE: 670 27 52 0 68.64029995395808 3.8459747930017905 1.0
EDGE: 671 27 53 0 10.094167486962505 1.8974489252012134 1.0
EDGE: 672 27 54 0 45.461450056279844 18.74334870781656 1.0
EDGE: 673 27 55 0 57.70640455701849 4.014687836869562 1.0
EDGE: 674 27 56 0 75.75814266542349 10.356250784386715 1.0
EDGE: 675 27 57 2600 72.74809021547719 18.142261178667848 1.0
EDGE: 676 28 33 0 66.920187686161 16.23805482594462 1.0
EDGE: 677 28 34 0 95.03591170861013 14.931632157206323 1.0
EDGE: 678 28 35 0 70.44971076605302 1.1618933319819067 1.0
EDGE: 679 28 36 0 73.19648352558437 14.517028521649475 1.0
EDGE: 680 28 37 0 87.41121443093394 12.166980569289214 1.0
EDGE: 681 28 38 0 92.19191620009266 15.928066885475712 1.0
EDGE: 682 28 39 0 65.62054431461326 3.0357786124670145 1.0
EDGE: 683 28 40 0 98.07255518745015 8.923458146840368 1.0
EDGE: 684 28 41 0 10.174296228806515 3.369981992842398 1.0
EDGE: 685 28 42 0 42.80845322345057 4.788760763522124 1.0
EDGE: 686 28 43 0 61.42124977545115 1.1832867562350207 1.0
EDGE: 687 28 44 0 44.55115599980567 8.391157202875442 1.0
EDGE: 688 28 45 0 56.977374305704124 14.678911782650374 1.0
EDGE: 689 28 46 0 91.17732768208698 10.534215085010985 1.0
EDGE: 690 28 47 0 96.88598689280659 16.629843689223776 1.0
EDGE: 691 28 48 0 97.4658048221729 8.405606216211126 1.0
EDGE: 692 28 49 0 53.524594041515044 6.529771895443986 1.0
EDGE: 693 28 50 0 68.75965145922584 9.660748569828339 1.0
EDGE: 694 28 51 0 40.360024293926685 17.432683331686423 1.0
EDGE: 695 28 52 0 56.464734894320074 18.43534738445517 1.0
EDGE: 696 28 53 0 96.15337339611452 1.149085210378308 1.0
EDGE: 697 28 54 0 63.23643985974628 6.32979378324516 1.0
EDGE: 698 28 55 0 63.71634839828013 15.216826897997018 1.0
EDGE: 699 28 56 0 78.20603185093378 9.158398075100651 1.0
EDGE: 700 28 57 1400 34.82056252769115 18.814484635709995 1.0
EDGE: 701 29 33 0 85.09827326041953 1.0064205299987385 1.0
EDGE: 702 29 34 0 45.3613450788868 14.53528340276119 1.0
EDGE: 703 29 35 0 88.59182655113345 18.887876364488303 1.0
EDGE: 704 29 36 0 67.37763894753853 4.689521510705773 1.0
EDGE: 705 29 37 0 46.774023297995896 9.04707135938291 1.0
EDGE: 706 29 38 0 17.029530606433788 14.553465852351712 1.0
EDGE: 707 29 39 0 70.04155009890323 10.696850366562744 1.0
EDGE: 708 29 40 0 60.13498582052207 2.7326917456107735 1.0
EDGE: 709 29 41 0 99.2986295135448 5.736518382814133 1.0
EDGE: 710 29 42 0 79.3673580277158 15.557828359627052 1.0
EDGE: 711 29 43 0 98.8042436783664 2.742404131810012 1.0
EDGE: 712 29 44 0 69.71522189526522 16.18068437119069 1.0
EDGE: 713 29 45 0 21.51996065121241 16.274040129824144 1.0
EDGE: 714 29 46 0 11.306087579011566 1.7887212090513218 1.0
EDGE: 715 29 47 0 87.30994801433563 6.288921673547736 1.0
EDGE: 716 29 48 0 41.19559446344327 1.1058424470145773 1.0
EDGE: 717 29 49 0 46.84471166108279 18.20881546969753 1.0
EDGE: 718 29 50 0 58.22369632396287 5.097465429386885 1.0
EDGE: 719 29 51 0 86.56013825997434 8.930590961861398 1.0
EDGE: 720 29 52 0 77.53944138315516 2.5478497767762356 1.0
EDGE: 721 29 53 0 22.523388038665775 7.824535023437293 1.0
EDGE: 722 29 54 0 63.8958840128978 11.927644467422196 1.0
EDGE: 723 29 55 0 23.55722778089773 12.513127460503526 1.0
EDGE: 724 29 56 0 65.31670540256678 5.719630548600364 1.0
EDGE: 725 29 57 3400 96.47433257401069 11.973235870060748 1.0
EDGE: 726 30 33 0 51.23610877892503 8.120616784882605 1.0
EDGE: 727 30 34 0 88.77314284737069 2.2547133846080243 1.0
EDGE: 728 30 35 0 51.71352157094565 5.787471384922548 1.0
EDGE: 729 30 36 0 96.64683004971532 16.858349496392446 1.0
EDGE: 730 30 37 0 46.82471637326329 19.04524499013226 1.0
EDGE: 731 30 38 0 18.656942083064163 8.566159615710163 1.0
EDGE: 732 30 39 0 67.83086097328098 1.725361413551124 1.0
EDGE: 733 30 40 0 77.92326775960592 13.26697162557711 1.0
EDGE: 734 30 41 0 94.22710460176006 2.551845043692804 1.0
EDGE: 735 30 42 0 18.181516209639852 5.070282488215472 1.0
EDGE: 736 30 43 0 73.2722354823542 18.743548802739596 1.0
EDGE: 737 30 44 0 11.560349836431211 15.751351517775015 1.0
EDGE: 738 30 45 0 51.10097191291368 3.250355679139947 1.0
EDGE: 739 30 46 0 38.429339253416146 13.320502383808137 1.0
EDGE: 740 30 47 0 67.02047090433561 16.791320413638022 1.0
EDGE: 741 30 48 0 12.169396904526536 8.259597770258143 1.0
EDGE: 742 30 49 0 25.092602528189293 7.612722235375629 1.0
EDGE: 743 30 50 0 64.21728127239908 5.71866002852891 1.0
EDGE: 744 30 51 0 49.60353980072697 17.633994519290233 1.0
EDGE: 745 30 52 0 67.23568210713358 15.715603589688804 1.0
EDGE: 746 30 53 0 53.52225181709236 3.3995032523765993 1.0
EDGE: 747 30 54 0 16.760498026380237 15.132050350961594 1.0
EDGE: 748 30 55 0 61.5494533160985 4.004138622864439 1.0
EDGE: 749 30 56 0 34.1768457531676 7.048192244385861 1.0
EDGE: 750 30 57 1800 61.85855614459528 5.910695158905381 1.0
EDGE: 751 31 33 0 36.37536339193661 4.709677157431734 1.0
EDGE: 752 31 34 0 73.13022206990368 18.32700090867379 1.0
EDGE: 753 31 35 0 39.940373160730324 19.169478591308636 1.0
EDGE: 754 31 36 0 55.982029552276664 3.5607732118902433 1.0
EDGE: 755 31 37 0 20.22147737939283 1.3977245189476657 1.0
EDGE: 756 31 38 0 40.394873371879164 14.52016197935528 1.0
EDGE: 757 31 39 0 68.1401229568758 17.40245134927257 1.0
EDGE: 758 31 40 0 53.237610392799276 3.277954491476425 1.0
EDGE: 759 31 41 0 80.08273164683494 8.654249824519992 1.0
EDGE: 760 31 42 0 82.49153884262716 4.367407303890154 1.0
EDGE: 761 31 43 0 38.73192796185347 14.857775410591437 1.0
EDGE: 762 31 44 0 67.27627736374201 14.22767714774635 1.0
EDGE: 763 31 45 0 75.1874439105641 11.863090715002778 1.0
EDGE: 764 31 46 0 15.278588970051304 13.966815704951728 1.0
EDGE: 765 31 47 0 65.22826128175365 4.259807820899737 1.0
EDGE: 766 31 48 0 11.685727564711186 17.36030028750081 1.0
EDGE: 767 31 49 0 65.06754448818367 9.946997080777924 1.0
EDGE: 768 31 50 0 86.22485550533358 11.753067707728508 1.0
EDGE: 769 31 51 0 34.45194816354021 15.721838610476723 1.0
EDGE: 770 31 52 0 17.410113224969763 6.283020395831182 1.0
EDGE: 771 31 53 0 17.45683039702177 6.679976090595069 1.0
EDGE: 772 31 54 0 75.59888604261522 7.593973608661576 1.0
EDGE: 773 31 55 0 83.82896317505327 5.970546709360896 1.0
EDGE: 774 31 56 0 38.958839113241325 13.956010096484981 1.0
EDGE: 775 31 57 1200 76.22828499623242 9.198858603667857 1.0
EDGE: 776 32 33 200 48.94728643821865 9.461217725070405 1.0
EDGE: 777 32 34 300 41.220269124085505 6.519675051524906 1.0
EDGE: 778 32 35 600 54.404437393495186 1.7127697664356605 1.0
EDGE: 779 32 36 200 84.37045579650034 5.21408540785524 1.0
EDGE: 780 32 37 700 15.862115530140947 18.175324629669472 1.0
EDGE: 781 32 38 100 32.29273325580142 8.292925009671851 1.0
EDGE: 782 32 39 500 94.1694817052341 19.10470601919873 1.0
EDGE: 783 32 40 800 27.002900495633522 4.419710311146149 1.0
EDGE: 784 32 41 400 70.0373381927892 12.724841282851258 1.0
EDGE: 785 32 42 600 50.42910262358889 10.19606945284786 1.0
EDGE: 786 32 43 900 53.60258137197208 17.06991964488737 1.0
EDGE: 787 32 44 200 89.4306831351325 1.6026210773747436 1.0
EDGE: 788 32 45 900 65.61434946745058 11.65974001737176 1.0
EDGE: 789 32 46 300 64.17702857505901 13.138285417798118 1.0
EDGE: 790 32 47 600 54.343436291886974 7.926221268380557 1.0
EDGE: 791 32 48 700 15.23794921148323 3.9509834439244225 1.0
EDGE: 792 32 49 500 44.81655032248165 11.059038836412714 1.0
EDGE: 793 32 50 300 77.23717991577732 7.002703421284765 1.0
EDGE: 794 32 51 400 49.476941111259464 11.68835929545132 1.0
EDGE: 795 32 52 700 59.42055090842677 18.06189760434323 1.0
EDGE: 796 32 53 700 21.87300119475502 17.572640865313954 1.0
EDGE: 797 32 54 500 95.99039043599382 17.066177235514413 1.0
EDGE: 798 32 55 700 67.47637287886346 7.209468782077986 1.0
EDGE: 799 32 56 100 71.55773653180304 6.148280037924496 1.0
EDGE: 800 32 57 600 68.2311285019297 15.037393664781057 1.0
EDGE: 801 33 58 400 49.56389109179075 10.368272286381965 1.0
EDGE: 802 33 59 400 59.9356185954114 11.646741085377435 1.0
EDGE: 803 33 60 100 84.02291420525253 10.94495893668715 1.0
EDGE: 804 33 61 400 24.058484796097627 7.1673645834204205 1.0
EDGE: 805 33 62 300 67.43659130137884 13.529471117359309 1.0
EDGE: 806 33 63 200 28.090484902846313 12.751307359669813 1.0
EDGE: 807 33 64 0 20.23345696971526 2.8139915818565098 1.0
EDGE: 808 33 65 500 51.03359675697118 12.818339086092333 1.0
EDGE: 809 33 66 500 79.58342477924369 14.518600590543008 1.0
EDGE: 810 33 67 200 23.12906107973399 10.482346231629963 1.0
EDGE: 811 33 68 200 97.93959019041495 9.549197865843292 1.0
EDGE: 812 33 69 0 91.4258453687747 4.326532856614945 1.0
EDGE: 813 33 70 100 44.1587699664262 18.869475870224814 1.0
EDGE: 814 33 71 0 65.29113869551628 6.445407868668896 1.0
EDGE: 815 33 72 300 82.55233243758099 6.379914914356942 1.0
EDGE: 816 33 73 500 78.46442991336345 7.421526876286256 1.0
EDGE: 817 33 74 500 37.718909517667555 3.846762463034307 1.0
EDGE: 818 33 75 400 26.756710051849986 7.654954015862174 1.0
EDGE: 819 33 76 500 45.51049587587883 12.673970402115717 1.0
EDGE: 820 33 77 500 42.99639365134577 11.21341797548939 1.0
EDGE: 821 33 78 200 72.98357511352427 8.061058721191245 1.0
EDGE: 822 33 79 500 63.32350853065751 16.121122919770194 1.0
EDGE: 823 33 80 100 62.68675756193696 5.839871023127786 1.0
EDGE: 824 34 58 0 71.43369710961097 1.7541917948717267 1.0
EDGE: 825 34 59 0 49.136548763706436 5.033195552963824 1.0
EDGE: 826 34 60 400 19.873631752576472 13.760706540218573 1.0
EDGE: 827 34 61 500 67.83278622726866 3.928215317010343 1.0
EDGE: 828 34 62 400 69.98936646790554 14.673310370241158 1.0
EDGE: 829 34 63 0 59.66531054335534 7.207758294968987 1.0
EDGE: 830 34 64 100 14.629214688748108 9.132351516482196 1.0
EDGE: 831 34 65 500 86.06343460487233 3.4323202342694064 1.0
EDGE: 832 34 66 300 10.202701621755539 7.3875224101582555 1.0
EDGE: 833 34 67 0 22.73977366594778 10.915820978603637 1.0
EDGE: 834 34 68 400 87.1971641253327 3.495976668260296 1.0
EDGE: 835 34 69 300 82.37999528785376 9.78806979264115 1.0
EDGE: 836 34 70 500 70.7535459333923 16.384887347879385 1.0
EDGE: 837 34 71 300 29.13006464803545 19.786905589538495 1.0
EDGE: 838 34 72 100 35.40296722124474 18.696408871736 1.0
EDGE: 839 34 73 400 10.232518108413243 18.072980869858664 1.0
EDGE: 840 34 74 300 90.56561968233798 1.0830249172163406 1.0
EDGE: 841 34 75 400 12.663373376252377 4.110157401929667 1.0
EDGE: 842 34 76 200 25.913553371988094 6.37123773540343 1.0
EDGE: 843 34 77 400 15.121187025541209 10.404487123771364 1.0
EDGE: 844 34 78 500 88.1989152039941 10.761576804014558 1.0
EDGE: 845 34 79 400 48.21986301830688 14.644738793885454 1.0
EDGE: 846 34 80 0 43.64921407345698 8.982890915955728 1.0
EDGE: 847 35 58 500 28.236758533078852 17.53744542820902 1.0
EDGE: 848 35 59 400 92.53114902236773 19.068892405937547 1.0
EDGE: 849 35 60 100 62.26764178961471 4.379441968871449 1.0
EDGE: 850 35 61 400 24.984598890613334 12.174926535208312 1.0
EDGE: 851 35 62 500 55.14007835195009 7.160854490635131 1.0
EDGE: 852 35 63 300 49.72829176405449 5.602928366602253 1.0
EDGE: 853 35 64 0 80.93680126943916 13.741521007737092 1.0
EDGE: 854 35 65 500 89.73876540281664 10.952543405862412 1.0
EDGE: 855 35 66 400 34.480632820668575 7.393799383009672 1.0
EDGE: 856 35 67 400 31.504138973105263 9.066371368654474 1.0
EDGE: 857 35 68 500 70.63250986714979 6.754743676046708 1.0
EDGE: 858 35 69 100 16.954289160776018 14.187313171378875 1.0
EDGE: 859 35 70 100 31.7541906399566 18.980609386929412 1.0
EDGE: 860 35 71 0 69.66896641267232 9.495977532415827 1.0
EDGE: 861 35 72 100 46.187186249033324 13.646658315201044 1.0
EDGE: 862 35 73 300 79.46544505451334 15.946127706593712 1.0
EDGE: 863 35 74 0 93.09949272668399 10.685236655780507 1.0
EDGE: 864 35 75 400 21.967235655270386 10.06612884478537 1.0
EDGE: 865 35 76 400 41.5516997520283 19.405083886328047 1.0
EDGE: 866 35 77 400 42.2554460107396 19.144367866199797 1.0
EDGE: 867 35 78 500 74.13399621209732 7.384855552342269 1.0
EDGE: 868 35 79 400 54.20435465551839 4.966613838008503 1.0
EDGE: 869 35 80 500 78.0256802623112 6.783815947330318 1.0
EDGE: 870 36 58 0 59.6027356668837 7.023289475824725 1.0
EDGE: 871 36 59 0 28.82870544139978 14.362677140961967 1.0
EDGE: 872 36 60 500 73.66252213910848 13.854619636259246 1.0
EDGE: 873 36 61 500 85.02684971638845 11.257551818992972 1.0
EDGE: 874 36 62 200 96.01636385552027 4.951628405998314 1.0
EDGE: 875 36 63 200 33.422042365471825 15.299984072058763 1.0
EDGE: 876 36 64 500 48.80562160983791 2.3809493845780447 1.0
EDGE: 877 36 65 400 88.39944026826292 7.426035364834939 1.0
EDGE: 878 36 66 400 75.96040399550905 14.051424587448693 1.0
EDGE: 879 36 67 500 30.372791864001858 15.467384868029574 1.0
EDGE: 880 36 68 500 90.27316698635997 2.2904538768435923 1.0
EDGE: 881 36 69 500 81.26166760671912 16.367420960020688 1.0
EDGE: 882 36 70 500 87.3674506113246 16.14806595865415 1.0
EDGE: 883 36 71 100 97.35210523622078 6.615286619629666 1.0
EDGE: 884 36 72 400 68.16333540792387 3.596684036147175 1.0
EDGE: 885 36 73 100 72.39225875217491 6.440852827184453 1.0
EDGE: 886 36 74 300 53.941158759097384 2.5445473910147482 1.0
EDGE: 887 36 75 500 16.274567894210602 15.063584252534536 1.0
EDGE: 888 36 76 300 70.60504764652035 8.330762973520214 1.0
EDGE: 889 36 77 200 87.15606316684641 15.038268091267902 1.0
EDGE: 890 36 78 100 91.24786760415874 17.11995379311061 1.0
EDGE: 891 36 79 500 77.36832656492138 14.490573866817774 1.0
EDGE: 892 36 80 100 38.61910484261239 8.36447351974515 1.0
EDGE: 893 37 58 300 75.96870091012069 6.785414918148224 1.0
EDGE: 894 37 59 500 61.59727395192433 14.252156493847595 1.0
EDGE: 895 37 60 400 13.284283376971171 16.921077833535165 1.0
EDGE: 896 37 61 500 62.26840637488443 10.807568732984278 1.0
EDGE: 897 37 62 100 45.300294107241875 9.69209012544871 1.0
EDGE: 898 37 63 500 82.71217115481826 16.064733521567604 1.0
EDGE: 899 37 64 300 68.2443521383635 9.413794247346813 1.0
EDGE: 900 37 65 300 33.09721466584513 6.479296747003662 1.0
EDGE: 901 37 66 400 96.21825021535459 6.751596407092781 1.0
EDGE: 902 37 67 400 55.187248701371885 8.49810316204626 1.0
EDGE: 903 37 68 400 17.22876674683807 11.947862383076455 1.0
EDGE: 904 37 69 300 47.85948502819458 4.9541488783370715 1.0
EDGE: 905 37 70 400 55.46910446297956 10.48941931316256 1.0
EDGE: 906 37 71 0 53.73695315804962 3.7048825449434624 1.0
EDGE: 907 37 72 500 50.20247458991564 19.008647978355796 1.0
EDGE: 908 37 73 0 78.53627061023955 12.681822640289123 1.0
EDGE: 909 37 74 0 94.0994435911458 6.961118464181714 1.0
EDGE: 910 37 75 100 97.23242722760813 12.269458376653068 1.0
EDGE: 911 37 76 400 56.380563302113195 5.372747351426659 1.0
EDGE: 912 37 77 400 33.64216690108772 1.6814054677798835 1.0
EDGE: 913 37 78 200 38.61586462807381 6.6994430506557965 1.0
EDGE: 914 37 79 400 62.527481996987795 10.751782135361358 1.0
EDGE: 915 37 80 0 53.532776535166676 5.592207947563398 1.0
EDGE: 916 38 58 300 75.82084072262151 11.309777312737541 1.0
EDGE: 917 38 59 300 29.684020329933404 3.110663548891355 1.0
EDGE: 918 38 60 500 57.07365937167819 9.055379394358999 1.0
EDGE: 919 38 61 0 97.32707247315557 10.67797196748408 1.0
EDGE: 920 38 62 100 70.72961353340034 12.604231119111919 1.0
EDGE: 921 38 63 400 53.36671306619762 18.820120360898898 1.0
EDGE: 922 38 64 500 35.3243397695564 18.119582475073596 1.0
EDGE: 923 38 65 100 75.71226331400797 14.482534442527475 1.0
EDGE: 924 38 66 500 12.21309569172983 19.69931188531401 1.0
EDGE: 925 38 67 0 99.90105525450359 2.466994899259969 1.0
EDGE: 926 38 68 200 53.92792390794521 3.4359772283557377 1.0
EDGE: 927 38 69 400 63.3396948136987 10.281822126842318 1.0
EDGE: 928 38 70 0 28.765909899376705 1.817876154374903 1.0
EDGE: 929 38 71 100 95.01469567446819 3.4482970298339883 1.0
EDGE: 930 38 72 500 40.71006789677115 4.889072296119394 1.0
EDGE: 931 38 73 100 21.02401350235011 4.056291649417455 1.0
EDGE: 932 38 74 500 16.284445487883072 4.336368392798326 1.0
EDGE: 933 38 75 0 98.78110026106995 7.112072128208572 1.0
EDGE: 934 38 76 300 22.44498303721102 14.421184483090315 1.0
EDGE: 935 38 77 200 55.24297128081713 15.971246218147755 1.0
EDGE: 936 38 78 400 22.107704567735183 13.424316947766455 1.0
EDGE: 937 38 79 400 97.013906823613 9.899826192721997 1.0
EDGE: 938 38 80 400 46.415803678587736 1.0215443439322351 1.0
EDGE: 939 39 58 200 22.676313665861564 3.5563684693982105 1.0
EDGE: 940 39 59 400 75.34718572565434 10.75804859177168 1.0
EDGE: 941 39 60 200 60.20032753873449 1.9381694387408612 1.0
EDGE: 942 39 61 300 20.76401307523198 16.539620994823764 1.0
EDGE: 943 39 62 0 54.783716144646434 1.084475550190609 1.0
EDGE: 944 39 63 400 48.50585019701066 18.808622079357487 1.0
EDGE: 945 39 64 400 44.97363207451667 18.57968219634087 1.0
EDGE: 946 39 65 0 58.62792657275745 11.822663459826316 1.0
EDGE: 947 39 66 0 67.42179747229721 9.64949119525461 1.0
EDGE: 948 39 67 400 45.386133632985945 13.203980008163297 1.0
EDGE: 949 39 68 500 23.124671783120128 4.392992494313302 1.0
EDGE: 950 39 69 500 21.07025156976479 18.677462940435042 1.0
EDGE: 951 39 70 0 10.500170349947046 8.443637771724875 1.0
EDGE: 952 39 71 200 10.287039001755067 15.665319692078356 1.0
EDGE: 953 39 72 300 23.1524872067303 12.102080194405525 1.0
EDGE: 954 39 73 0 13.794692739018455 4.1563333186532025 1.0
EDGE: 955 39 74 100 92.67659050352087 1.7338441862143488 1.0
EDGE: 956 39 75 100 43.49026971999828 16.01768347118788 1.0
EDGE: 957 39 76 300 89.35396335754797 4.974795076863712 1.0
EDGE: 958 39 77 200 82.65163268294805 14.667308619540695 1.0
EDGE: 959 39 78 500 36.09113107306305 16.037377156998343 1.0
EDGE: 960 39 79 500 28.035450623954638 17.77476548572966 1.0
EDGE: 961 39 80 400 13.452556241152422 13.160593265669775 1.0
EDGE: 962 40 58 500 52.932872600771994 11.40856323723897 1.0
EDGE: 963 40 59 200 16.139451379490424 18.996685800476225 1.0
EDGE: 964 40 60 0 52.78438514749287 7.797940151819434 1.0
EDGE: 965 40 61 0 53.76607788274459 7.4774966649865195 1.0
EDGE: 966 40 62 400 97.45543229669148 14.627046289249513 1.0
EDGE: 967 40 63 300 91.28509904851573 16.453469865865962 1.0
EDGE: 968 40 64 200 56.7743922930962 11.529507950552922 1.0
EDGE: 969 40 65 100 76.91353784461327 13.148267054710189 1.0
EDGE: 970 40 66 200 98.43440885860252 15.201337318578396 1.0
EDGE: 971 40 67 400 57.91090517089214 14.221964398518942 1.0
EDGE: 972 40 68 100 89.8607066319549 15.300158955167701 1.0
EDGE: 973 40 69 400 47.061068727466996 16.98580036601061 1.0
EDGE: 974 40 70 200 98.14490674781862 5.048720937209437 1.0
EDGE: 975 40 71 0 45.20941416093258 6.0614421059043675 1.0
EDGE: 976 40 72 200 64.64793127488255 12.21065763529068 1.0
EDGE: 977 40 73 300 17.70687999979441 19.527740145931734 1.0
EDGE: 978 40 74 300 83.37303192372964 2.8564788537345827 1.0
EDGE: 979 40 75 400 95.11239458140962 16.3479375315331 1.0
EDGE: 980 40 76 500 34.71055521344459 10.087743700513007 1.0
EDGE: 981 40 77 300 31.005314586553215 13.620308370759137 1.0
EDGE: 982 40 78 500 48.65593592179926 8.637401408557015 1.0
EDGE: 983 40 79 0 32.259402101088675 16.94518666657455 1.0
EDGE: 984 40 80 0 54.102543748478105 11.014253937928512 1.0
EDGE: 985 41 58 200 59.62992573926074 12.951358845912676 1.0
EDGE: 986 41 59 300 23.310925307602965 10.609519041350039 1.0
EDGE: 987 41 60 500 29.005412689805816 12.774788369413077 1.0
EDGE: 988 41 61 400 23.155975854465446 9.933460372121653 1.0
EDGE: 989 41 62 0 36.175655324308494 7.032641725920747 1.0
EDGE: 990 41 63 300 17.253654611817456 15.900049019257738 1.0
EDGE: 991 41 64 200 20.467510628387892 1.5855809397753275 1.0
EDGE: 992 41 65 200 15.568755972403522 2.827630834729324 1.0
EDGE: 993 41 66 0 15.100049827036933 4.13129600023886 1.0
EDGE: 994 41 67 200 20.605345749219826 19.573564928572086 1.0
EDGE: 995 41 68 300 84.61064541501268 7.422242199529457 1.0
EDGE: 996 41 69 400 51.781380785153864 13.970803591475633 1.0
EDGE: 997 41 70 300 62.2035388820036 19.650553948516006 1.0
EDGE: 998 41 71 500 12.08910432968322 16.48438227651797 1.0
EDGE: 999 41 72 500 32.372448850829464 7.29310302932294 1.0
EDGE: 1000 41 73 100 83.64277505687052 18.755786077512933 1.0
EDGE: 1001 41 74 300 96.64879845766909 19.45966761614204 1.0
EDGE: 1002 41 75 100 21.215277205331837 8.453164591538176 1.0
EDGE: 1003 41 76 200 52.827111634287995 7.537184695014306 1.0
EDGE: 1004 41 77 100 55.36518916043114 18.59536542525935 1.0
EDGE: 1005 41 78 400 90.5191497451863 17.673051789195846 1.0
EDGE: 1006 41 79 0 19.2558733820798 16.26774648305249 1.0
EDGE: 1007 41 80 500 28.388332204668572 13.390449913065547 1.0
EDGE: 1008 42 58 0 85.76814287016934 11.397746214885194 1.0
EDGE: 1009 42 59 100 40.91603733718953 15.378649272796604 1.0
EDGE: 1010 42 60 100 44.00806371825544 11.00817635035056 1.0
EDGE: 1011 42 61 300 85.05131034217082 15.251278271972552 1.0
EDGE: 1012 42 62 400 96.81146705243184 19.11620001729592 1.0
EDGE: 1013 42 63 100 29.595564568358945 17.81551068700137 1.0
EDGE: 1014 42 64 200 63.346726553251024 2.195978599057456 1.0
EDGE: 1015 42 65 300 82.67382374603963 1.1451539770459065 1.0
EDGE: 1016 42 66 400 13.417367481555818 10.872936780444775 1.0
EDGE: 1017 42 67 400 55.14408668831269 6.500595150495454 1.0
EDGE: 1018 42 68 300 72.56606005331719 7.2676335248785175 1.0
EDGE: 1019 42 69 100 70.29635071035445 4.888579366840055 1.0
EDGE: 1020 42 70 100 39.581575824835085 16.157193953705264 1.0
EDGE: 1021 42 71 400 42.69287863063311 8.804790861148303 1.0
EDGE: 1022 42 72 0 20.510257921741402 6.872276704916925 1.0
EDGE: 1023 42 73 200 41.50126639012402 9.452200752932795 1.0
EDGE: 1024 42 74 100 65.773564327146 19.59754603996304 1.0
EDGE: 1025 42 75 400 76.17185659090703 8.478152600653324 1.0
EDGE: 1026 42 76 500 59.4932558494849 9.493614923782312 1.0
EDGE: 1027 42 77 200 24.81109723498513 19.023157200132523 1.0
EDGE: 1028 42 78 200 52.6258020670091 7.808430470157288 1.0
EDGE: 1029 42 79 0 88.10235944875052 10.624357720422871 1.0
EDGE: 1030 42 80 200 84.00752389584474 6.896065854103027 1.0
EDGE: 1031 43 58 500 14.125832919952694 5.266645593744703 1.0
EDGE: 1032 43 59 500 85.91210039329604 6.810894471785647 1.0
EDGE: 1033 43 60 0 41.92900143320635 4.624382165909859 1.0
EDGE: 1034 43 61 0 43.22193497399243 19.895109458754376 1.0
EDGE: 1035 43 62 0 54.1993138781324 3.2867075147778024 1.0
EDGE: 1036 43 63 100 57.81499993337227 5.527558826102758 1.0
EDGE: 1037 43 64 500 21.890579267707935 5.50939554842871 1.0
EDGE: 1038 43 65 300 82.26868865426943 15.951865412467013 1.0
EDGE: 1039 43 66 200 76.15466426054425 5.786230986598169 1.0
EDGE: 1040 43 67 0 99.48223471194456 2.8518012036720264 1.0
EDGE: 1041 43 68 100 95.4300478762069 12.282872574816057 1.0
EDGE: 1042 43 69 500 17.319301684627487 12.091883660761626 1.0
EDGE: 1043 43 70 400 68.03880183901296 6.92617346328024 1.0
EDGE: 1044 43 71 0 99.872243205762 16.791160069197847 1.0
EDGE: 1045 43 72 0 83.14355459218069 6.691926922055554 1.0
EDGE: 1046 43 73 500 79.44965785213934 11.648156751432847 1.0
EDGE: 1047 43 74 500 85.4160040650056 15.384004219358692 1.0
EDGE: 1048 43 75 100 65.88875785012675 8.184952219147707 1.0
EDGE: 1049 43 76 400 91.26854058769933 1.9478592047659695 1.0
EDGE: 1050 43 77 400 92.29412724386346 12.328349550190364 1.0
EDGE: 1051 43 78 100 57.00053900159523 8.111361186346407 1.0
EDGE: 1052 43 79 300 18.8044481867805 13.496115135485702 1.0
EDGE: 1053 43 80 500 51.71089409984954 17.89592908638572 1.0
EDGE: 1054 44 58 200 98.4887314377339 19.10624931323896 1.0
EDGE: 1055 44 59 200 60.32834972916292 5.290933702461848 1.0
EDGE: 1056 44 60 0 11.97362905255561 2.177264387806243 1.0
EDGE: 1057 44 61 100 24.611182947158717 11.134340633854514 1.0
EDGE: 1058 44 62 400 49.90339284495381 14.437431728405478 1.0
EDGE: 1059 44 63 500 32.46781971747997 9.99255602853542 1.0
EDGE: 1060 44 64 500 44.83402911492479 19.1109710385041 1.0
EDGE: 1061 44 65 300 48.449932137853786 16.582450966625263 1.0
EDGE: 1062 44 66 300 46.66322998241416 9.299149295059074 1.0
EDGE: 1063 44 67 300 40.76958228379661 12.028526777125233 1.0
EDGE: 1064 44 68 100 98.19762310721063 13.624257210687347 1.0
EDGE: 1065 44 69 500 32.69197808591069 15.998195546637831 1.0
EDGE: 1066 44 70 100 89.95892482667546 13.55443454009021 1.0
EDGE: 1067 44 71 100 78.65540162957969 8.508141372788373 1.0
EDGE: 1068 44 72 400 65.83053111621635 10.577309960394237 1.0
EDGE: 1069 44 73 500 97.96987462446141 17.94473166642594 1.0
EDGE: 1070 44 74 100 23.64614548570618 11.140425572682915 1.0
EDGE: 1071 44 75 400 61.44611539761533 12.591447028096798 1.0
EDGE: 1072 44 76 500 77.32196815847132 6.026416142773641 1.0
EDGE: 1073 44 77 300 58.80636758036466 16.706301692528605 1.0
EDGE: 1074 44 78 100 69.63403826997538 6.580908740122267 1.0
EDGE: 1075 44 79 0 67.22863942002895 2.9422149976397076 1.0
EDGE: 1076 44 80 500 87.24227153773384 14.961113883837022 1.0
EDGE: 1077 45 58 100 73.87593455717905 10.653315356400894 1.0
EDGE: 1078 45 59 200 22.062776422406323 19.323078243076 1.0
EDGE: 1079 45 60 100 57.76203264556583 13.380131100939574 1.0
EDGE: 1080 45 61 400 35.589983855526754 14.615562781197456 1.0
EDGE: 1081 45 62 100 78.8053745038368 13.55665010189685 1.0
EDGE: 1082 45 63 500 25.270176906579863 16.398519363718723 1.0
EDGE: 1083 45 64 500 24.422626939998004 11.232206637697349 1.0
EDGE: 1084 45 65 300 84.52798698084008 1.8541338247229122 1.0
EDGE: 1085 45 66 500 26.51347724386971 11.351170763373824 1.0
EDGE: 1086 45 67 300 10.547373853798884 1.9084041233772773 1.0
EDGE: 1087 45 68 0 64.18822511241876 10.88340615634103 1.0
EDGE: 1088 45 69 500 76.40872385937475 3.131218895542742 1.0
EDGE: 1089 45 70 0 80.08974144923097 6.848465884758625 1.0
EDGE: 1090 45 71 200 86.68355738619339 6.832912251751106 1.0
EDGE: 1091 45 72 0 70.66134369809589 14.026494765537182 1.0
EDGE: 1092 45 73 100 58.08846055311733 8.525256021259555 1.0
EDGE: 1093 45 74 0 83.21216050472864 9.89880648357778 1.0
EDGE: 1094 45 75 500 39.299775804209204 7.664865151897865 1.0
EDGE: 1095 45 76 400 75.13153871936214 14.111105696470595 1.0
EDGE: 1096 45 77 200 26.530621367306175 10.346976757612877 1.0
EDGE: 1097 45 78 400 63.10407291030936 1.5023214559496063 1.0
EDGE: 1098 45 79 0 53.97180315013744 11.367582062451344 1.0
EDGE: 1099 45 80 500 22.676785590795795 17.49202401062215 1.0
EDGE: 1100 46 58 0 20.698180300982674 3.821869609470258 1.0
EDGE: 1101 46 59 400 11.030069845117254 14.369390330343291 1.0
EDGE: 1102 46 60 0 98.1420527016689 12.156954878045912 1.0
EDGE: 1103 46 61 0 18.303912498139518 14.776689992070668 1.0
EDGE: 1104 46 62 400 64.73512156162042 16.346863879537764 1.0
EDGE: 1105 46 63 500 65.33097397492583 16.43025747537483 1.0
EDGE: 1106 46 64 200 76.8205866868928 19.607738655165814 1.0
EDGE: 1107 46 65 200 98.12811072028589 6.871922365879813 1.0
EDGE: 1108 46 66 100 97.43696042665303 3.8212323876185623 1.0
EDGE: 1109 46 67 400 61.99786603361364 5.793863656369948 1.0
EDGE: 1110 46 68 300 87.0751451072304 15.584066155520183 1.0
EDGE: 1111 46 69 300 20.591509153837123 19.22985950227659 1.0
EDGE: 1112 46 70 400 23.010326463557355 3.551711786370278 1.0
EDGE: 1113 46 71 300 27.785194717953207 3.6558970641094852 1.0
EDGE: 1114 46 72 500 96.31027614623108 1.4941749605002386 1.0
EDGE: 1115 46 73 400 22.72078554759647 18.79311846506044 1.0
EDGE: 1116 46 74 500 18.12160039131272 2.231841181366292 1.0
EDGE: 1117 46 75 200 40.862923627607884 11.656061409219687 1.0
EDGE: 1118 46 76 500 79.33550312066178 12.369358906284207 1.0
EDGE: 1119 46 77 0 66.42387680835084 9.139174593902524 1.0
EDGE: 1120 46 78 0 60.23463475808768 3.4955225944867645 1.0
EDGE: 1121 46 79 0 44.00776688285989 19.18456490435526 1.0
EDGE: 1122 46 80 400 29.222570218682222 12.267133788756858 1.0
EDGE: 1123 47 58 0 49.825715287749084 9.323958081509398 1.0
EDGE: 1124 47 59 100 72.23751216704883 19.54479605102678 1.0
EDGE: 1125 47 60 200 15.333467151964328 13.13782744451558 1.0
EDGE: 1126 47 61 500 66.95173550914964 3.4986254072223213 1.0
EDGE: 1127 47 62 200 38.64306682268055 1.9246713677989462 1.0
EDGE: 1128 47 63 400 98.35838463618808 15.351835943890098 1.0
EDGE: 1129 47 64 400 91.5601476040849 18.6234041452007 1.0
EDGE: 1130 47 65 400 64.84714139690485 17.180174142907973 1.0
EDGE: 1131 47 66 500 22.598389392331285 11.781822962696575 1.0
EDGE: 1132 47 67 100 16.3703652584214 4.935167117697153 1.0
EDGE: 1133 47 68 200 58.822717000691505 9.114132174897602 1.0
EDGE: 1134 47 69 0 88.80123771360572 13.609159045041034 1.0
EDGE: 1135 47 70 200 51.87279084653137 1.9404806703333604 1.0
EDGE: 1136 47 71 100 91.08548892576572 5.210096850659452 1.0
EDGE: 1137 47 72 400 56.01835541806219 18.55149168042974 1.0
EDGE: 1138 47 73 0 84.28827152570591 5.964040716692698 1.0
EDGE: 1139 47 74 400 78.59802334403413 14.290745488695386 1.0
EDGE: 1140 47 75 100 74.13772937710067 8.913365990124133 1.0
EDGE: 1141 47 76 300 15.693031650574797 8.898189723514815 1.0
EDGE: 1142 47 77 300 21.166841647921835 17.828621726340558 1.0
EDGE: 1143 47 78 200 88.3875540633098 13.407442362576468 1.0
EDGE: 1144 47 79 300 45.05508396890389 5.102021931448201 1.0
EDGE: 1145 47 80 100 47.46711733835706 15.639958593307844 1.0
EDGE: 1146 48 58 100 92.27150243948593 17.040528933541232 1.0
EDGE: 1147 48 59 300 26.906696763152187 13.089028780761465 1.0
EDGE: 1148 48 60 400 68.62071476957142 18.726507069956117 1.0
EDGE: 1149 48 61 0 99.00003948124902 10.73657628078631 1.0
EDGE: 1150 48 62 100 20.79345242245597 6.363909942856555 1.0
EDGE: 1151 48 63 300 16.481796817023135 1.0957250395880214 1.0
EDGE: 1152 48 64 300 63.523162741129525 7.777967680616777 1.0
EDGE: 1153 48 65 500 19.494005537242632 5.522104443463288 1.0
EDGE: 1154 48 66 0 41.45026547728823 14.486352887500273 1.0
EDGE: 1155 48 67 100 97.74849587267317 13.586860935128577 1.0
EDGE: 1156 48 68 400 17.295608856800015 7.509780252658251 1.0
EDGE: 1157 48 69 200 70.73678970601037 4.054345417599961 1.0
EDGE: 1158 48 70 200 90.44469210831687 15.84002203997066 1.0
EDGE: 1159 48 71 500 81.33903657445488 7.757442706140525 1.0
EDGE: 1160 48 72 400 52.54421769368865 18.23329740253574 1.0
EDGE: 1161 48 73 100 40.68357704476146 6.413516437624045 1.0
EDGE: 1162 48 74 0 39.21252876748302 16.747012505572748 1.0
EDGE: 1163 48 75 0 94.60865495753931 17.17393527314835 1.0
EDGE: 1164 48 76 200 29.465519914699993 7.187813506813789 1.0
EDGE: 1165 48 77 500 64.57788352133674 14.45014601739029 1.0
EDGE: 1166 48 78 500 26.959537131402378 13.388926122245621 1.0
EDGE: 1167 48 79 500 68.40100754040743 10.309270107613129 1.0
EDGE: 1168 48 80 100 79.65288124888876 14.984747365303164 1.0
EDGE: 1169 49 58 200 48.611517806376895 11.482184990548348 1.0
EDGE: 1170 49 59 200 36.98743814220499 2.100661347082209 1.0
EDGE: 1171 49 60 0 98.85269279476675 12.777064433525137 1.0
EDGE: 1172 49 61 500 46.192017066560304 15.126043734745778 1.0
EDGE: 1173 49 62 200 81.12362436714747 1.4413402789968122 1.0
EDGE: 1174 49 63 400 21.808960025027254 13.488427180374785 1.0
EDGE: 1175 49 64 200 19.236800608220765 8.76506322786317 1.0
EDGE: 1176 49 65 100 35.04557199513539 11.096795007096988 1.0
EDGE: 1177 49 66 300 76.33878037037788 2.9686227542005277 1.0
EDGE: 1178 49 67 300 82.0519530226489 8.871972491963266 1.0
EDGE: 1179 49 68 0 26.845554783259004 11.167799914650614 1.0
EDGE: 1180 49 69 300 52.72677195185424 19.532081192111804 1.0
EDGE: 1181 49 70 300 45.64415108798038 7.959119525326423 1.0
EDGE: 1182 49 71 400 24.152567494513768 9.55103428891209 1.0
EDGE: 1183 49 72 400 69.91200364556732 5.918473629192846 1.0
EDGE: 1184 49 73 500 35.262126465095314 5.958026647063737 1.0
EDGE: 1185 49 74 100 51.40572191055994 9.055979753998498 1.0
EDGE: 1186 49 75 0 51.83749202737306 12.396006198564956 1.0
EDGE: 1187 49 76 200 19.57076211441929 8.020048290254095 1.0
EDGE: 1188 49 77 100 43.44319938921987 10.607078791354342 1.0
EDGE: 1189 49 78 200 68.32358081717672 10.593622630894847 1.0
EDGE: 1190 49 79 100 26.395249545894373 5.262826459172274 1.0
EDGE: 1191 49 80 100 41.857846138836464 10.775566826805285 1.0
EDGE: 1192 50 58 100 39.36744197797181 17.807503002011284 1.0
EDGE: 1193 50 59 400 67.32625733633199 13.490161993306495 1.0
EDGE: 1194 50 60 400 40.73656952814722 15.732078764722846 1.0
EDGE: 1195 50 61 100 44.74953713815767 8.717688062077544 1.0
EDGE: 1196 50 62 0 99.2680930102987 15.447097795344774 1.0
EDGE: 1197 50 63 300 97.004149514133 2.5890522551721156 1.0
EDGE: 1198 50 64 300 12.243808833322905 12.672321677254269 1.0
EDGE: 1199 50 65 0 45.24033344395908 8.73743903530876 1.0
EDGE: 1200 50 66 100 27.63312384036966 7.011127321980682 1.0
EDGE: 1201 50 67 500 47.58198323379992 2.9499484299759686 1.0
EDGE: 1202 50 68 200 49.40944192880823 12.12762692965867 1.0
EDGE: 1203 50 69 500 61.459953204055545 19.912187998941363 1.0
EDGE: 1204 50 70 400 37.61327463989542 4.694475563662409 1.0
EDGE: 1205 50 71 100 42.43035551903824 5.588792279196798 1.0
EDGE: 1206 50 72 100 17.263610458329595 17.029343181624494 1.0
EDGE: 1207 50 73 500 24.82939612465789 12.532835118489656 1.0
EDGE: 1208 50 74 400 22.71911947139118 13.08801359659849 1.0
EDGE: 1209 50 75 100 62.116328964216535 19.167108023666966 1.0
EDGE: 1210 50 76 400 56.590739527242135 9.232076876613458 1.0
EDGE: 1211 50 77 200 27.25607813228373 7.83022328161423 1.0
EDGE: 1212 50 78 200 74.80722657705525 12.93919280340985 1.0
EDGE: 1213 50 79 0 15.993096737364471 10.130525596092822 1.0
EDGE: 1214 50 80 500 31.93521466999349 3.3738875102130534 1.0
EDGE: 1215 51 58 400 48.36802085051069 3.9007654773777087 1.0
EDGE: 1216 51 59 300 43.3553582274264 11.486851151622837 1.0
EDGE: 1217 51 60 100 36.32869602776712 6.79651628770595 1.0
EDGE: 1218 51 61 200 23.396116147001166 1.0607104750405933 1.0
EDGE: 1219 51 62 200 17.78710594985604 13.331293134073745 1.0
EDGE: 1220 51 63 400 71.02674030467149 16.870240890808887 1.0
EDGE: 1221 51 64 200 49.97380815963371 15.89135055675648 1.0
EDGE: 1222 51 65 400 17.211024652540665 6.874989503947724 1.0
EDGE: 1223 51 66 300 77.44139772354391 13.023122159725588 1.0
EDGE: 1224 51 67 100 80.52339692663737 3.1122744124671033 1.0
EDGE: 1225 51 68 200 22.56859508042205 8.036273610456451 1.0
EDGE: 1226 51 69 0 10.128883010942594 1.7085341416779067 1.0
EDGE: 1227 51 70 400 98.91650639651768 5.715337676181424 1.0
EDGE: 1228 51 71 100 57.728548100010585 8.176988980454873 1.0
EDGE: 1229 51 72 400 20.28861312750588 19.682898901934294 1.0
EDGE: 1230 51 73 300 32.571925260487035 15.919591911021504 1.0
EDGE: 1231 51 74 200 30.846054529057195 12.70729758836753 1.0
EDGE: 1232 51 75 200 96.13805766209165 13.601229057917312 1.0
EDGE: 1233 51 76 500 44.129788650483505 19.997821948737922 1.0
EDGE: 1234 51 77 0 45.58665636118891 7.814143525569381 1.0
EDGE: 1235 51 78 200 41.34115867265556 7.280355696504376 1.0
EDGE: 1236 51 79 0 67.58096973266291 14.200550052863308 1.0
EDGE: 1237 51 80 100 41.73245079526181 8.196452066348979 1.0
EDGE: 1238 52 58 500 26.583918065743674 12.951411381353832 1.0
EDGE: 1239 52 59 400 50.45900875608267 7.318801378504066 1.0
EDGE: 1240 52 60 100 44.229069973485274 2.349338527752099 1.0
EDGE: 1241 52 61 400 51.74443419040845 8.826061592025043 1.0
EDGE: 1242 52 62 500 18.86798932110993 3.7735927938203564 1.0
EDGE: 1243 52 63 0 47.710492228007425 13.630020797185136 1.0
EDGE: 1244 52 64 100 76.89555145114261 9.335150713383811 1.0
EDGE: 1245 52 65 200 75.72323074865254 12.498057836728034 1.0
EDGE: 1246 52 66 500 99.95477015104339 1.0598062305647182 1.0
EDGE: 1247 52 67 300 69.60689447213474 12.463875810156955 1.0
EDGE: 1248 52 68 100 94.62270798972403 4.287272582997635 1.0
EDGE: 1249 52 69 0 82.57722075838505 4.569469129915856 1.0
EDGE: 1250 52 70 400 43.67901884473077 9.704260873790556 1.0
EDGE: 1251 52 71 400 62.24563861448303 13.731300157690558 1.0
EDGE: 1252 52 72 300 60.5587093280772 2.1794956825753875 1.0
EDGE: 1253 52 73 100 10.545957113621093 15.273651044321673 1.0
EDGE: 1254 52 74 500 71.09065116870295 16.318642575996996 1.0
EDGE: 1255 52 75 0 33.93511367311714 1.4221164676017461 1.0
EDGE: 1256 52 76 500 69.12343327119873 10.407113388864497 1.0
EDGE: 1257 52 77 400 81.71951274070793 10.80021379164798 1.0
EDGE: 1258 52 78 200 35.140106295893204 1.1587188985558976 1.0
EDGE: 1259 52 79 100 92.85855282885784 14.722070538120626 1.0
EDGE: 1260 52 80 0 69.4633635529415 13.438136037949025 1.0
EDGE: 1261 53 58 400 34.09688652791293 14.82416555141737 1.0
EDGE: 1262 53 59 200 54.15277073466118 11.875162808495604 1.0
EDGE: 1263 53 60 400 54.77697053414749 8.329086154651367 1.0
EDGE: 1264 53 61 500 70.19554066954562 5.038723367197441 1.0
EDGE: 1265 53 62 500 16.18348586280229 13.984275555127775 1.0
EDGE: 1266 53 63 300 29.092472998275323 4.5885965906625605 1.0
EDGE: 1267 53 64 100 15.771171200564542 14.468735485786006 1.0
EDGE: 1268 53 65 300 60.44058513000859 1.5728369602466898 1.0
EDGE: 1269 53 66 100 39.127654261454545 17.81065536854091 1.0
EDGE: 1270 53 67 100 69.61402420442059 12.788852436235011 1.0
EDGE: 1271 53 68 300 45.022816724494064 8.108933127551161 1.0
EDGE: 1272 53 69 0 52.14478708832449 7.876111704095365 1.0
EDGE: 1273 53 70 200 11.396275605464933 16.60156106176347 1.0
EDGE: 1274 53 71 400 73.90484550841873 7.558451264760123 1.0
EDGE: 1275 53 72 300 32.63454547487959 16.873843461932307 1.0
EDGE: 1276 53 73 500 18.69123486494955 2.2039444180125836 1.0
EDGE: 1277 53 74 400 40.98942615299363 17.74941074624083 1.0
EDGE: 1278 53 75 0 37.315632078742226 9.620305866838883 1.0
EDGE: 1279 53 76 300 97.4891836467436 10.157009681776499 1.0
EDGE: 1280 53 77 200 44.800039354435846 6.753802627044177 1.0
EDGE: 1281 53 78 100 60.19410718091819 18.016022999543583 1.0
EDGE: 1282 53 79 400 54.78009854182286 6.709633220428414 1.0
EDGE: 1283 53 80 0 70.14797991359478 13.933702924902178 1.0
EDGE: 1284 54 58 200 12.71759866339598 6.261751639822856 1.0
EDGE: 1285 54 59 300 77.87702942434345 16.257074620775427 1.0
EDGE: 1286 54 60 300 62.0237770624079 8.770095940867119 1.0
EDGE: 1287 54 61 300 75.78793646891737 4.772486845902039 1.0
EDGE: 1288 54 62 400 39.694922424814195 9.173200921609528 1.0
EDGE: 1289 54 63 0 24.316451325125612 19.095774460698756 1.0
EDGE: 1290 54 64 400 80.56188616437498 3.4741540370055057 1.0
EDGE: 1291 54 65 200 12.178176777592205 10.546002580275044 1.0
EDGE: 1292 54 66 100 91.75503925803267 13.887867922272338 1.0
EDGE: 1293 54 67 200 43.57309992315728 11.045759979946478 1.0
EDGE: 1294 54 68 400 21.4862495048855 11.56763985549654 1.0
EDGE: 1295 54 69 100 37.69540032866865 9.3409736762045 1.0
EDGE: 1296 54 70 400 78.74944378851653 3.5789614826189746 1.0
EDGE: 1297 54 71 200 18.400144215562186 12.58320846634115 1.0
EDGE: 1298 54 72 400 83.0412934356238 4.538552391097646 1.0
EDGE: 1299 54 73 0 44.378376780276994 16.067426888712284 1.0
EDGE: 1300 54 74 200 25.7036254721898 17.08658439439908 1.0
EDGE: 1301 54 75 500 82.69222165435191 7.668168998445874 1.0
EDGE: 1302 54 76 0 76.98908647074784 17.110066008348326 1.0
EDGE: 1303 54 77 200 51.02151637705564 5.267133507703257 1.0
EDGE: 1304 54 78 0 95.45164368507234 1.385353839927499 1.0
EDGE: 1305 54 79 400 96.47354929850027 16.215113881297647 1.0
EDGE: 1306 54 80 500 68.7634669296571 8.057762776090353 1.0
EDGE: 1307 55 58 200 31.3074971940775 2.6212713614608765 1.0
EDGE: 1308 55 59 0 57.55977925306983 6.1262415516218125 1.0
EDGE: 1309 55 60 200 18.42506798791202 17.012707147785598 1.0
EDGE: 1310 55 61 0 36.413208463158654 10.851081478340072 1.0
EDGE: 1311 55 62 0 31.978963288873107 12.657301125347644 1.0
EDGE: 1312 55 63 300 48.539234929273796 7.752631568038618 1.0
EDGE: 1313 55 64 300 50.95068324175006 15.59279281533379 1.0
EDGE: 1314 55 65 200 33.33426570782319 13.61898315995175 1.0
EDGE: 1315 55 66 100 86.0492729744304 1.155064438444986 1.0
EDGE: 1316 55 67 200 58.347914993623526 18.69059742670203 1.0
EDGE: 1317 55 68 0 62.78253783755229 19.54860190696125 1.0
EDGE: 1318 55 69 400 89.7910685525754 14.939839860440419 1.0
EDGE: 1319 55 70 400 56.052315318082066 17.752100005984776 1.0
EDGE: 1320 55 71 200 78.18124709455564 16.11339780279713 1.0
EDGE: 1321 55 72 400 44.12536368034829 6.802178378280372 1.0
EDGE: 1322 55 73 500 78.22689116905629 17.95553959947375 1.0
EDGE: 1323 55 74 0 82.33139956014648 12.248179810987946 1.0
EDGE: 1324 55 75 300 54.55208053080653 3.7801924340218314 1.0
EDGE: 1325 55 76 200 19.339897539074002 10.321021260774023 1.0
EDGE: 1326 55 77 500 37.36328038305586 10.30980803871596 1.0
EDGE: 1327 55 78 400 61.36717788973876 19.10905991422995 1.0
EDGE: 1328 55 79 100 54.65965493839702 7.448973943205091 1.0
EDGE: 1329 55 80 0 92.16534790979145 5.783950807208112 1.0
EDGE: 1330 56 58 500 10.088537352045657 15.410755172124682 1.0
EDGE: 1331 56 59 400 89.14467064463463 16.669456742732518 1.0
EDGE: 1332 56 60 400 58.04759847911217 13.363720230205624 1.0
EDGE: 1333 56 61 0 38.480928428415574 10.696188022102248 1.0
EDGE: 1334 56 62 300 70.13527601814019 15.517632463914529 1.0
EDGE: 1335 56 63 0 24.559319503886453 2.535234002873415 1.0
EDGE: 1336 56 64 0 49.551032643985096 11.31576559279762 1.0
EDGE: 1337 56 65 100 21.60646923233617 5.453656212481433 1.0
EDGE: 1338 56 66 200 42.54702682053131 3.1518172799500688 1.0
EDGE: 1339 56 67 200 17.86212298792434 9.684815931388641 1.0
EDGE: 1340 56 68 500 98.53270253496225 18.779390718104537 1.0
EDGE: 1341 56 69 0 45.14206000282976 8.856499887394708 1.0
EDGE: 1342 56 70 100 42.93392657108284 18.33200833304965 1.0
EDGE: 1343 56 71 500 69.14382409129074 15.76981485157945 1.0
EDGE: 1344 56 72 100 19.40818962169176 19.62163055365373 1.0
EDGE: 1345 56 73 0 78.34678839072527 13.57182228025008 1.0
EDGE: 1346 56 74 0 80.51744822498033 10.133645307375957 1.0
EDGE: 1347 56 75 500 11.858170835128336 2.114877423116156 1.0
EDGE: 1348 56 76 100 98.46018082189667 16.886300482735038 1.0
EDGE: 1349 56 77 100 89.05651280506846 19.045643900503226 1.0
EDGE: 1350 56 78 200 29.964200721286804 7.072544592934523 1.0
EDGE: 1351 56 79 500 56.38422627009257 19.91675284134241 1.0
EDGE: 1352 56 80 300 51.94180530472188 19.15224462621113 1.0
EDGE: 1353 57 58 500 29.14072253841335 19.364076027575656 1.0
EDGE: 1354 57 59 100 17.008803587270883 16.81275523545011 1.0
EDGE: 1355 57 60 400 48.62775005791291 7.142576898955664 1.0
EDGE: 1356 57 61 300 40.469020912143414 7.965798201800888 1.0
EDGE: 1357 57 62 300 87.49843896063473 12.563716083492865 1.0
EDGE: 1358 57 63 100 92.86579674392382 6.698632411961332 1.0
EDGE: 1359 57 64 500 98.66164961994633 11.627374316601268 1.0
EDGE: 1360 57 65 100 94.70207903218729 9.847471726692481 1.0
EDGE: 1361 57 66 0 85.59319332053164 2.89126106209459 1.0
EDGE: 1362 57 67 100 52.43064385071179 12.611129706182878 1.0
EDGE: 1363 57 68 100 14.405463972348901 12.870783447650208 1.0
EDGE: 1364 57 69 0 67.31604177241988 16.372852958216274 1.0
EDGE: 1365 57 70 200 40.52706170920625 5.512337740767951 1.0
EDGE: 1366 57 71 500 71.26977889814431 5.648312307050698 1.0
EDGE: 1367 57 72 0 15.343954679165652 17.032995854425753 1.0
EDGE: 1368 57 73 100 66.26036417420279 8.827727563504757 1.0
EDGE: 1369 57 74 200 50.6537645612928 6.169554629339523 1.0
EDGE: 1370 57 75 400 46.399715494174224 1.1300844770817862 1.0
EDGE: 1371 57 76 500 71.28471339878462 16.629916843003357 1.0
EDGE: 1372 57 77 100 64.30754079715975 1.937419792188806 1.0
EDGE: 1373 57 78 500 88.73082063575316 18.289771550856468 1.0
EDGE: 1374 57 79 100 25.855228902712927 1.4271410582596333 1.0
EDGE: 1375 57 80 300 71.15487118389112 14.4275442669243 1.0
EOF
